         t              x              v
  0.000000      -0.052200       0.000000
  0.010000      -0.052147       0.010683
  0.020000      -0.051986       0.021341
  0.030000      -0.051720       0.031950
  0.040000      -0.051348       0.042486
  0.050000      -0.050871       0.052925
  0.060000      -0.050290       0.063242
  0.070000      -0.049606       0.073414
  0.080000      -0.048822       0.083418
  0.090000      -0.047938       0.093232
  0.100000      -0.046958       0.102834
  0.110000      -0.045883       0.112202
  0.120000      -0.044715       0.121316
  0.130000      -0.043457       0.130156
  0.140000      -0.042113       0.138702
  0.150000      -0.040684       0.146937
  0.160000      -0.039175       0.154844
  0.170000      -0.037588       0.162405
  0.180000      -0.035928       0.169605
  0.190000      -0.034198       0.176429
  0.200000      -0.032401       0.182865
  0.210000      -0.030542       0.188900
  0.220000      -0.028624       0.194522
  0.230000      -0.026653       0.199720
  0.240000      -0.024631       0.204487
  0.250000      -0.022564       0.208813
  0.260000      -0.020456       0.212691
  0.270000      -0.018312       0.216115
  0.280000      -0.016136       0.219080
  0.290000      -0.013932       0.221583
  0.300000      -0.011706       0.223621
  0.310000      -0.009461       0.225191
  0.320000      -0.007203       0.226293
  0.330000      -0.004937       0.226927
  0.340000      -0.002666       0.227095
  0.350000      -0.000396       0.226798
  0.360000       0.001868       0.226039
  0.370000       0.004123       0.224824
  0.380000       0.006363       0.223155
  0.390000       0.008584       0.221040
  0.400000       0.010782       0.218485
  0.410000       0.012953       0.215497
  0.420000       0.015091       0.212084
  0.430000       0.017193       0.208255
  0.440000       0.019255       0.204019
  0.450000       0.021272       0.199388
  0.460000       0.023241       0.194371
  0.470000       0.025158       0.188980
  0.480000       0.027020       0.183227
  0.490000       0.028822       0.177125
  0.500000       0.030561       0.170687
  0.510000       0.032234       0.163926
  0.520000       0.033838       0.156856
  0.530000       0.035370       0.149492
  0.540000       0.036827       0.141849
  0.550000       0.038206       0.133941
  0.560000       0.039505       0.125785
  0.570000       0.040721       0.117396
  0.580000       0.041853       0.108790
  0.590000       0.042897       0.099984
  0.600000       0.043852       0.090994
  0.610000       0.044716       0.081838
  0.620000       0.045488       0.072532
  0.630000       0.046166       0.063093
  0.640000       0.046749       0.053540
  0.650000       0.047237       0.043889
  0.660000       0.047627       0.034158
  0.670000       0.047919       0.024366
  0.680000       0.048114       0.014529
  0.690000       0.048210       0.004666
  0.700000       0.048207      -0.005205
  0.710000       0.048106      -0.015065
  0.720000       0.047906      -0.024890
  0.730000       0.047608      -0.034659
  0.740000       0.047213      -0.044348
  0.750000       0.046722      -0.053937
  0.760000       0.046135      -0.063403
  0.770000       0.045454      -0.072725
  0.780000       0.044681      -0.081882
  0.790000       0.043817      -0.090854
  0.800000       0.042865      -0.099622
  0.810000       0.041825      -0.108164
  0.820000       0.040702      -0.116464
  0.830000       0.039497      -0.124503
  0.840000       0.038213      -0.132264
  0.850000       0.036853      -0.139730
  0.860000       0.035419      -0.146886
  0.870000       0.033916      -0.153717
  0.880000       0.032346      -0.160209
  0.890000       0.030713      -0.166349
  0.900000       0.029020      -0.172125
  0.910000       0.027272      -0.177526
  0.920000       0.025471      -0.182542
  0.930000       0.023622      -0.187163
  0.940000       0.021729      -0.191381
  0.950000       0.019796      -0.195190
  0.960000       0.017827      -0.198582
  0.970000       0.015826      -0.201553
  0.980000       0.013797      -0.204099
  0.990000       0.011745      -0.206215
  1.000000       0.009674      -0.207899
  1.010000       0.007589      -0.209151
  1.020000       0.005493      -0.209970
  1.030000       0.003391      -0.210356
  1.040000       0.001287      -0.210311
  1.050000      -0.000814      -0.209836
  1.060000      -0.002908      -0.208935
  1.070000      -0.004991      -0.207612
  1.080000      -0.007059      -0.205872
  1.090000      -0.009107      -0.203719
  1.100000      -0.011132      -0.201161
  1.110000      -0.013129      -0.198205
  1.120000      -0.015095      -0.194857
  1.130000      -0.017025      -0.191127
  1.140000      -0.018916      -0.187023
  1.150000      -0.020764      -0.182556
  1.160000      -0.022566      -0.177735
  1.170000      -0.024318      -0.172571
  1.180000      -0.026016      -0.167076
  1.190000      -0.027658      -0.161261
  1.200000      -0.029241      -0.155139
  1.210000      -0.030760      -0.148722
  1.220000      -0.032214      -0.142024
  1.230000      -0.033600      -0.135058
  1.240000      -0.034914      -0.127839
  1.250000      -0.036156      -0.120379
  1.260000      -0.037321      -0.112696
  1.270000      -0.038409      -0.104802
  1.280000      -0.039417      -0.096713
  1.290000      -0.040343      -0.088446
  1.300000      -0.041185      -0.080015
  1.310000      -0.041942      -0.071436
  1.320000      -0.042613      -0.062725
  1.330000      -0.043197      -0.053899
  1.340000      -0.043691      -0.044974
  1.350000      -0.044096      -0.035967
  1.360000      -0.044410      -0.026894
  1.370000      -0.044633      -0.017771
  1.380000      -0.044765      -0.008616
  1.390000      -0.044806       0.000555
  1.400000      -0.044754       0.009724
  1.410000      -0.044611       0.018871
  1.420000      -0.044377       0.027975
  1.430000      -0.044052       0.037016
  1.440000      -0.043637       0.045973
  1.450000      -0.043133       0.054827
  1.460000      -0.042541       0.063557
  1.470000      -0.041862       0.072144
  1.480000      -0.041099       0.080568
  1.490000      -0.040252       0.088812
  1.500000      -0.039323       0.096857
  1.510000      -0.038315       0.104685
  1.520000      -0.037230       0.112280
  1.530000      -0.036070       0.119626
  1.540000      -0.034838       0.126706
  1.550000      -0.033537       0.133505
  1.560000      -0.032169       0.140011
  1.570000      -0.030738       0.146209
  1.580000      -0.029246       0.152086
  1.590000      -0.027697       0.157632
  1.600000      -0.026095       0.162835
  1.610000      -0.024442       0.167685
  1.620000      -0.022742       0.172174
  1.630000      -0.021000       0.176292
  1.640000      -0.019218       0.180034
  1.650000      -0.017400       0.183391
  1.660000      -0.015551       0.186360
  1.670000      -0.013674       0.188934
  1.680000      -0.011774       0.191112
  1.690000      -0.009853       0.192889
  1.700000      -0.007917       0.194264
  1.710000      -0.005969       0.195236
  1.720000      -0.004014       0.195805
  1.730000      -0.002055       0.195972
  1.740000      -0.000096       0.195737
  1.750000       0.001859       0.195104
  1.760000       0.003805       0.194075
  1.770000       0.005739       0.192655
  1.780000       0.007657       0.190848
  1.790000       0.009555       0.188659
  1.800000       0.011429       0.186094
  1.810000       0.013275       0.183161
  1.820000       0.015091       0.179866
  1.830000       0.016871       0.176218
  1.840000       0.018614       0.172225
  1.850000       0.020315       0.167896
  1.860000       0.021971       0.163242
  1.870000       0.023579       0.158272
  1.880000       0.025135       0.152998
  1.890000       0.026638       0.147430
  1.900000       0.028083       0.141580
  1.910000       0.029468       0.135460
  1.920000       0.030791       0.129083
  1.930000       0.032049       0.122462
  1.940000       0.033240       0.115609
  1.950000       0.034361       0.108539
  1.960000       0.035410       0.101265
  1.970000       0.036385       0.093802
  1.980000       0.037285       0.086163
  1.990000       0.038108       0.078364
  2.000000       0.038852       0.070419
  2.010000       0.039516       0.062343
  2.020000       0.040098       0.054152
  2.030000       0.040599       0.045860
  2.040000       0.041015       0.037483
  2.050000       0.041348       0.029038
  2.060000       0.041596       0.020538
  2.070000       0.041759       0.012001
  2.080000       0.041836       0.003441
  2.090000       0.041827      -0.005124
  2.100000       0.041733      -0.013678
  2.110000       0.041554      -0.022202
  2.120000       0.041290      -0.030675
  2.130000       0.040941      -0.039080
  2.140000       0.040508      -0.047396
  2.150000       0.039993      -0.055607
  2.160000       0.039397      -0.063693
  2.170000       0.038720      -0.071636
  2.180000       0.037964      -0.079420
  2.190000       0.037132      -0.087026
  2.200000       0.036224      -0.094439
  2.210000       0.035244      -0.101642
  2.220000       0.034192      -0.108620
  2.230000       0.033072      -0.115358
  2.240000       0.031886      -0.121842
  2.250000       0.030636      -0.128058
  2.260000       0.029326      -0.133994
  2.270000       0.027957      -0.139636
  2.280000       0.026534      -0.144975
  2.290000       0.025059      -0.150000
  2.300000       0.023535      -0.154700
  2.310000       0.021966      -0.159067
  2.320000       0.020355      -0.163092
  2.330000       0.018705      -0.166769
  2.340000       0.017021      -0.170090
  2.350000       0.015305      -0.173051
  2.360000       0.013561      -0.175646
  2.370000       0.011793      -0.177871
  2.380000       0.010005      -0.179724
  2.390000       0.008200      -0.181202
  2.400000       0.006382      -0.182303
  2.410000       0.004555      -0.183027
  2.420000       0.002723      -0.183375
  2.430000       0.000889      -0.183346
  2.440000      -0.000943      -0.182943
  2.450000      -0.002769      -0.182168
  2.460000      -0.004585      -0.181024
  2.470000      -0.006388      -0.179515
  2.480000      -0.008174      -0.177646
  2.490000      -0.009940      -0.175422
  2.500000      -0.011681      -0.172849
  2.510000      -0.013396      -0.169933
  2.520000      -0.015079      -0.166682
  2.530000      -0.016728      -0.163103
  2.540000      -0.018340      -0.159205
  2.550000      -0.019911      -0.154996
  2.560000      -0.021439      -0.150486
  2.570000      -0.022920      -0.145685
  2.580000      -0.024352      -0.140602
  2.590000      -0.025731      -0.135249
  2.600000      -0.027056      -0.129636
  2.610000      -0.028323      -0.123776
  2.620000      -0.029530      -0.117680
  2.630000      -0.030676      -0.111361
  2.640000      -0.031757      -0.104830
  2.650000      -0.032772      -0.098101
  2.660000      -0.033718      -0.091188
  2.670000      -0.034595      -0.084102
  2.680000      -0.035400      -0.076859
  2.690000      -0.036132      -0.069472
  2.700000      -0.036789      -0.061955
  2.710000      -0.037370      -0.054322
  2.720000      -0.037875      -0.046588
  2.730000      -0.038302      -0.038767
  2.740000      -0.038650      -0.030874
  2.750000      -0.038919      -0.022924
  2.760000      -0.039108      -0.014931
  2.770000      -0.039218      -0.006910
  2.780000      -0.039247       0.001123
  2.790000      -0.039195       0.009154
  2.800000      -0.039064       0.017164
  2.810000      -0.038852       0.025136
  2.820000      -0.038561       0.033052
  2.830000      -0.038191       0.040894
  2.840000      -0.037743       0.048644
  2.850000      -0.037219       0.056287
  2.860000      -0.036618       0.063803
  2.870000      -0.035943       0.071178
  2.880000      -0.035195       0.078395
  2.890000      -0.034376       0.085439
  2.900000      -0.033487       0.092293
  2.910000      -0.032531       0.098944
  2.920000      -0.031509       0.105376
  2.930000      -0.030424       0.111578
  2.940000      -0.029278       0.117535
  2.950000      -0.028074       0.123235
  2.960000      -0.026814       0.128666
  2.970000      -0.025502       0.133818
  2.980000      -0.024139       0.138681
  2.990000      -0.022729       0.143243
  3.000000      -0.021275       0.147498
  3.010000      -0.019780       0.151437
  3.020000      -0.018247       0.155052
  3.030000      -0.016680       0.158337
  3.040000      -0.015082       0.161286
  3.050000      -0.013456       0.163894
  3.060000      -0.011805       0.166157
  3.070000      -0.010134       0.168073
  3.080000      -0.008445       0.169637
  3.090000      -0.006742       0.170848
  3.100000      -0.005029       0.171705
  3.110000      -0.003309       0.172209
  3.120000      -0.001586       0.172358
  3.130000       0.000137       0.172154
  3.140000       0.001856       0.171600
  3.150000       0.003568       0.170698
  3.160000       0.005269       0.169450
  3.170000       0.006956       0.167861
  3.180000       0.008625       0.165936
  3.190000       0.010273       0.163679
  3.200000       0.011897       0.161097
  3.210000       0.013494       0.158195
  3.220000       0.015060       0.154981
  3.230000       0.016593       0.151462
  3.240000       0.018088       0.147646
  3.250000       0.019545       0.143542
  3.260000       0.020958       0.139158
  3.270000       0.022327       0.134504
  3.280000       0.023648       0.129591
  3.290000       0.024918       0.124427
  3.300000       0.026135       0.119024
  3.310000       0.027298       0.113394
  3.320000       0.028402       0.107546
  3.330000       0.029448       0.101494
  3.340000       0.030432       0.095248
  3.350000       0.031352       0.088822
  3.360000       0.032208       0.082228
  3.370000       0.032996       0.075479
  3.380000       0.033717       0.068587
  3.390000       0.034368       0.061566
  3.400000       0.034948       0.054429
  3.410000       0.035456       0.047191
  3.420000       0.035891       0.039863
  3.430000       0.036253       0.032462
  3.440000       0.036540       0.024999
  3.450000       0.036753       0.017490
  3.460000       0.036890       0.009948
  3.470000       0.036952       0.002387
  3.480000       0.036938      -0.005178
  3.490000       0.036848      -0.012731
  3.500000       0.036683      -0.020256
  3.510000       0.036443      -0.027736
  3.520000       0.036128      -0.035155
  3.530000       0.035740      -0.042495
  3.540000       0.035279      -0.049741
  3.550000       0.034746      -0.056876
  3.560000       0.034142      -0.063886
  3.570000       0.033468      -0.070754
  3.580000       0.032727      -0.077467
  3.590000       0.031920      -0.084008
  3.600000       0.031048      -0.090365
  3.610000       0.030113      -0.096523
  3.620000       0.029118      -0.102470
  3.630000       0.028064      -0.108193
  3.640000       0.026955      -0.113680
  3.650000       0.025792      -0.118920
  3.660000       0.024577      -0.123902
  3.670000       0.023315      -0.128616
  3.680000       0.022006      -0.133053
  3.690000       0.020654      -0.137205
  3.700000       0.019263      -0.141062
  3.710000       0.017834      -0.144618
  3.720000       0.016371      -0.147867
  3.730000       0.014878      -0.150802
  3.740000       0.013357      -0.153418
  3.750000       0.011811      -0.155712
  3.760000       0.010243      -0.157678
  3.770000       0.008658      -0.159316
  3.780000       0.007058      -0.160622
  3.790000       0.005447      -0.161594
  3.800000       0.003827      -0.162233
  3.810000       0.002203      -0.162538
  3.820000       0.000578      -0.162509
  3.830000      -0.001046      -0.162149
  3.840000      -0.002664      -0.161459
  3.850000      -0.004274      -0.160441
  3.860000      -0.005872      -0.159100
  3.870000      -0.007455      -0.157439
  3.880000      -0.009020      -0.155462
  3.890000      -0.010563      -0.153175
  3.900000      -0.012082      -0.150583
  3.910000      -0.013574      -0.147692
  3.920000      -0.015035      -0.144510
  3.930000      -0.016463      -0.141044
  3.940000      -0.017855      -0.137301
  3.950000      -0.019208      -0.133289
  3.960000      -0.020520      -0.129018
  3.970000      -0.021788      -0.124496
  3.980000      -0.023009      -0.119732
  3.990000      -0.024181      -0.114738
  4.000000      -0.025303      -0.109522
  4.010000      -0.026371      -0.104097
  4.020000      -0.027384      -0.098471
  4.030000      -0.028340      -0.092658
  4.040000      -0.029237      -0.086668
  4.050000      -0.030073      -0.080512
  4.060000      -0.030847      -0.074204
  4.070000      -0.031556      -0.067756
  4.080000      -0.032201      -0.061179
  4.090000      -0.032780      -0.054486
  4.100000      -0.033291      -0.047691
  4.110000      -0.033733      -0.040805
  4.120000      -0.034106      -0.033843
  4.130000      -0.034410      -0.026817
  4.140000      -0.034643      -0.019741
  4.150000      -0.034804      -0.012628
  4.160000      -0.034895      -0.005490
  4.170000      -0.034914       0.001657
  4.180000      -0.034862       0.008800
  4.190000      -0.034738       0.015924
  4.200000      -0.034544       0.023013
  4.210000      -0.034278       0.030051
  4.220000      -0.033943       0.037022
  4.230000      -0.033538       0.043912
  4.240000      -0.033065       0.050704
  4.250000      -0.032524       0.057385
  4.260000      -0.031918       0.063939
  4.270000      -0.031246       0.070352
  4.280000      -0.030511       0.076611
  4.290000      -0.029714       0.082702
  4.300000      -0.028858       0.088612
  4.310000      -0.027943       0.094328
  4.320000      -0.026972       0.099838
  4.330000      -0.025947       0.105132
  4.340000      -0.024870       0.110197
  4.350000      -0.023744       0.115024
  4.360000      -0.022570       0.119602
  4.370000      -0.021352       0.123924
  4.380000      -0.020093       0.127979
  4.390000      -0.018794       0.131760
  4.400000      -0.017458       0.135260
  4.410000      -0.016089       0.138473
  4.420000      -0.014690       0.141392
  4.430000      -0.013263       0.144013
  4.440000      -0.011811       0.146330
  4.450000      -0.010337       0.148340
  4.460000      -0.008845       0.150040
  4.470000      -0.007337       0.151428
  4.480000      -0.005817       0.152501
  4.490000      -0.004288       0.153258
  4.500000      -0.002753       0.153700
  4.510000      -0.001215       0.153826
  4.520000       0.000322       0.153637
  4.530000       0.001856       0.153135
  4.540000       0.003384       0.152322
  4.550000       0.004902       0.151201
  4.560000       0.006407       0.149775
  4.570000       0.007896       0.148048
  4.580000       0.009367       0.146024
  4.590000       0.010816       0.143709
  4.600000       0.012240       0.141108
  4.610000       0.013637       0.138227
  4.620000       0.015004       0.135073
  4.630000       0.016338       0.131654
  4.640000       0.017636       0.127976
  4.650000       0.018896       0.124047
  4.660000       0.020116       0.119877
  4.670000       0.021293       0.115473
  4.680000       0.022425       0.110845
  4.690000       0.023509       0.106003
  4.700000       0.024544       0.100956
  4.710000       0.025528       0.095715
  4.720000       0.026458       0.090290
  4.730000       0.027333       0.084692
  4.740000       0.028151       0.078932
  4.750000       0.028911       0.073021
  4.760000       0.029611       0.066972
  4.770000       0.030250       0.060794
  4.780000       0.030827       0.054502
  4.790000       0.031340       0.048106
  4.800000       0.031788       0.041619
  4.810000       0.032172       0.035053
  4.820000       0.032489       0.028421
  4.830000       0.032740       0.021735
  4.840000       0.032924       0.015008
  4.850000       0.033040       0.008253
  4.860000       0.033089       0.001482
  4.870000       0.033070      -0.005292
  4.880000       0.032983      -0.012053
  4.890000       0.032829      -0.018789
  4.900000       0.032607      -0.025482
  4.910000       0.032319      -0.032120
  4.920000       0.031965      -0.038686
  4.930000       0.031546      -0.045168
  4.940000       0.031062      -0.051550
  4.950000       0.030515      -0.057819
  4.960000       0.029906      -0.063961
  4.970000       0.029236      -0.069963
  4.980000       0.028507      -0.075812
  4.990000       0.027721      -0.081496
  5.000000       0.026878      -0.087002
  5.010000       0.025981      -0.092318
  5.020000       0.025032      -0.097434
  5.030000       0.024033      -0.102340
  5.040000       0.022986      -0.107024
  5.050000       0.021894      -0.111477
  5.060000       0.020758      -0.115691
  5.070000       0.019581      -0.119657
  5.080000       0.018365      -0.123367
  5.090000       0.017114      -0.126814
  5.100000       0.015830      -0.129991
  5.110000       0.014515      -0.132893
  5.120000       0.013173      -0.135515
  5.130000       0.011806      -0.137850
  5.140000       0.010417      -0.139897
  5.150000       0.009009      -0.141651
  5.160000       0.007585      -0.143110
  5.170000       0.006148      -0.144271
  5.180000       0.004701      -0.145133
  5.190000       0.003246      -0.145696
  5.200000       0.001788      -0.145960
  5.210000       0.000328      -0.145924
  5.220000      -0.001130      -0.145590
  5.230000      -0.002583      -0.144959
  5.240000      -0.004028      -0.144035
  5.250000      -0.005463      -0.142820
  5.260000      -0.006884      -0.141316
  5.270000      -0.008288      -0.139529
  5.280000      -0.009673      -0.137463
  5.290000      -0.011036      -0.135122
  5.300000      -0.012375      -0.132513
  5.310000      -0.013686      -0.129641
  5.320000      -0.014967      -0.126513
  5.330000      -0.016215      -0.123136
  5.340000      -0.017429      -0.119517
  5.350000      -0.018605      -0.115664
  5.360000      -0.019741      -0.111585
  5.370000      -0.020836      -0.107289
  5.380000      -0.021886      -0.102784
  5.390000      -0.022891      -0.098080
  5.400000      -0.023847      -0.093186
  5.410000      -0.024754      -0.088113
  5.420000      -0.025609      -0.082870
  5.430000      -0.026411      -0.077468
  5.440000      -0.027158      -0.071917
  5.450000      -0.027849      -0.066229
  5.460000      -0.028482      -0.060414
  5.470000      -0.029056      -0.054484
  5.480000      -0.029571      -0.048450
  5.490000      -0.030025      -0.042324
  5.500000      -0.030417      -0.036117
  5.510000      -0.030747      -0.029842
  5.520000      -0.031014      -0.023510
  5.530000      -0.031217      -0.017134
  5.540000      -0.031357      -0.010725
  5.550000      -0.031432      -0.004296
  5.560000      -0.031443       0.002141
  5.570000      -0.031389       0.008574
  5.580000      -0.031271       0.014987
  5.590000      -0.031089       0.021368
  5.600000      -0.030844       0.027702
  5.610000      -0.030535       0.033975
  5.620000      -0.030165       0.040173
  5.630000      -0.029732       0.046283
  5.640000      -0.029239       0.052292
  5.650000      -0.028687       0.058187
  5.660000      -0.028076       0.063954
  5.670000      -0.027408       0.069582
  5.680000      -0.026685       0.075058
  5.690000      -0.025908       0.080371
  5.700000      -0.025078       0.085509
  5.710000      -0.024198       0.090463
  5.720000      -0.023269       0.095220
  5.730000      -0.022294       0.099773
  5.740000      -0.021275       0.104110
  5.750000      -0.020213       0.108224
  5.760000      -0.019111       0.112106
  5.770000      -0.017972       0.115749
  5.780000      -0.016797       0.119145
  5.790000      -0.015589       0.122288
  5.800000      -0.014352       0.125172
  5.810000      -0.013087       0.127792
  5.820000      -0.011797       0.130142
  5.830000      -0.010485       0.132220
  5.840000      -0.009154       0.134020
  5.850000      -0.007806       0.135541
  5.860000      -0.006444       0.136780
  5.870000      -0.005071       0.137736
  5.880000      -0.003690       0.138407
  5.890000      -0.002304       0.138793
  5.900000      -0.000915       0.138894
  5.910000       0.000473       0.138711
  5.920000       0.001858       0.138245
  5.930000       0.003237       0.137498
  5.940000       0.004607       0.136472
  5.950000       0.005966       0.135171
  5.960000       0.007310       0.133598
  5.970000       0.008637       0.131756
  5.980000       0.009944       0.129651
  5.990000       0.011229       0.127288
  6.000000       0.012489       0.124672
  6.010000       0.013722       0.121808
  6.020000       0.014924       0.118704
  6.030000       0.016095       0.115365
  6.040000       0.017231       0.111801
  6.050000       0.018330       0.108016
  6.060000       0.019391       0.104021
  6.070000       0.020410       0.099823
  6.080000       0.021386       0.095431
  6.090000       0.022318       0.090854
  6.100000       0.023203       0.086100
  6.110000       0.024039       0.081180
  6.120000       0.024826       0.076104
  6.130000       0.025561       0.070881
  6.140000       0.026243       0.065522
  6.150000       0.026871       0.060038
  6.160000       0.027443       0.054438
  6.170000       0.027959       0.048734
  6.180000       0.028418       0.042937
  6.190000       0.028818       0.037058
  6.200000       0.029159       0.031108
  6.210000       0.029440       0.025100
  6.220000       0.029661       0.019043
  6.230000       0.029821       0.012950
  6.240000       0.029919       0.006832
  6.250000       0.029957       0.000702
  6.260000       0.029934      -0.005430
  6.270000       0.029849      -0.011550
  6.280000       0.029703      -0.017644
  6.290000       0.029496      -0.023700
  6.300000       0.029229      -0.029704
  6.310000       0.028902      -0.035643
  6.320000       0.028516      -0.041504
  6.330000       0.028072      -0.047274
  6.340000       0.027571      -0.052941
  6.350000       0.027014      -0.058493
  6.360000       0.026402      -0.063917
  6.370000       0.025736      -0.069203
  6.380000       0.025018      -0.074338
  6.390000       0.024250      -0.079312
  6.400000       0.023432      -0.084115
  6.410000       0.022568      -0.088736
  6.420000       0.021658      -0.093166
  6.430000       0.020705      -0.097395
  6.440000       0.019711      -0.101416
  6.450000       0.018678      -0.105220
  6.460000       0.017607      -0.108799
  6.470000       0.016503      -0.112147
  6.480000       0.015365      -0.115256
  6.490000       0.014198      -0.118122
  6.500000       0.013004      -0.120738
  6.510000       0.011784      -0.123099
  6.520000       0.010543      -0.125202
  6.530000       0.009281      -0.127044
  6.540000       0.008003      -0.128619
  6.550000       0.006710      -0.129928
  6.560000       0.005405      -0.130966
  6.570000       0.004091      -0.131734
  6.580000       0.002771      -0.132230
  6.590000       0.001448      -0.132454
  6.600000       0.000123      -0.132407
  6.610000      -0.001200      -0.132090
  6.620000      -0.002518      -0.131503
  6.630000      -0.003829      -0.130650
  6.640000      -0.005130      -0.129532
  6.650000      -0.006419      -0.128152
  6.660000      -0.007692      -0.126516
  6.670000      -0.008948      -0.124625
  6.680000      -0.010184      -0.122485
  6.690000      -0.011397      -0.120101
  6.700000      -0.012585      -0.117479
  6.710000      -0.013746      -0.114623
  6.720000      -0.014877      -0.111541
  6.730000      -0.015976      -0.108239
  6.740000      -0.017041      -0.104724
  6.750000      -0.018070      -0.101004
  6.760000      -0.019060      -0.097086
  6.770000      -0.020011      -0.092979
  6.780000      -0.020919      -0.088691
  6.790000      -0.021784      -0.084230
  6.800000      -0.022603      -0.079606
  6.810000      -0.023376      -0.074828
  6.820000      -0.024099      -0.069905
  6.830000      -0.024773      -0.064847
  6.840000      -0.025396      -0.059665
  6.850000      -0.025966      -0.054368
  6.860000      -0.026483      -0.048966
  6.870000      -0.026945      -0.043471
  6.880000      -0.027352      -0.037892
  6.890000      -0.027703      -0.032241
  6.900000      -0.027997      -0.026528
  6.910000      -0.028233      -0.020764
  6.920000      -0.028412      -0.014961
  6.930000      -0.028532      -0.009129
  6.940000      -0.028594      -0.003280
  6.950000      -0.028598       0.002576
  6.960000      -0.028543       0.008426
  6.970000      -0.028429       0.014257
  6.980000      -0.028258       0.020058
  6.990000      -0.028028       0.025814
  7.000000      -0.027742       0.031514
  7.010000      -0.027398       0.037146
  7.020000      -0.026999       0.042696
  7.030000      -0.026545       0.048154
  7.040000      -0.026036       0.053506
  7.050000      -0.025475       0.058743
  7.060000      -0.024862       0.063852
  7.070000      -0.024198       0.068823
  7.080000      -0.023486       0.073645
  7.090000      -0.022726       0.078307
  7.100000      -0.021920       0.082802
  7.110000      -0.021071       0.087117
  7.120000      -0.020179       0.091246
  7.130000      -0.019246       0.095180
  7.140000      -0.018276       0.098910
  7.150000      -0.017269       0.102429
  7.160000      -0.016228       0.105730
  7.170000      -0.015155       0.108807
  7.180000      -0.014053       0.111653
  7.190000      -0.012923       0.114263
  7.200000      -0.011768       0.116633
  7.210000      -0.010591       0.118758
  7.220000      -0.009394       0.120635
  7.230000      -0.008179       0.122259
  7.240000      -0.006949       0.123629
  7.250000      -0.005707       0.124742
  7.260000      -0.004455       0.125596
  7.270000      -0.003196       0.126192
  7.280000      -0.001932       0.126528
  7.290000      -0.000667       0.126604
  7.300000       0.000599       0.126421
  7.310000       0.001861       0.125981
  7.320000       0.003118       0.125284
  7.330000       0.004366       0.124333
  7.340000       0.005603       0.123131
  7.350000       0.006828       0.121680
  7.360000       0.008036       0.119986
  7.370000       0.009226       0.118050
  7.380000       0.010396       0.115879
  7.390000       0.011543       0.113477
  7.400000       0.012665       0.110849
  7.410000       0.013760       0.108002
  7.420000       0.014824       0.104941
  7.430000       0.015858       0.101673
  7.440000       0.016857       0.098205
  7.450000       0.017821       0.094545
  7.460000       0.018748       0.090699
  7.470000       0.019635       0.086676
  7.480000       0.020480       0.082484
  7.490000       0.021284       0.078132
  7.500000       0.022043       0.073628
  7.510000       0.022756       0.068981
  7.520000       0.023422       0.064200
  7.530000       0.024039       0.059296
  7.540000       0.024607       0.054277
  7.550000       0.025125       0.049154
  7.560000       0.025590       0.043936
  7.570000       0.026003       0.038633
  7.580000       0.026362       0.033256
  7.590000       0.026668       0.027816
  7.600000       0.026919       0.022322
  7.610000       0.027114       0.016785
  7.620000       0.027254       0.011217
  7.630000       0.027338       0.005626
  7.640000       0.027367       0.000025
  7.650000       0.027339      -0.005575
  7.660000       0.027255      -0.011164
  7.670000       0.027116      -0.016728
  7.680000       0.026921      -0.022256
  7.690000       0.026671      -0.027736
  7.700000       0.026366      -0.033155
  7.710000       0.026008      -0.038502
  7.720000       0.025597      -0.043765
  7.730000       0.025133      -0.048933
  7.740000       0.024618      -0.053996
  7.750000       0.024053      -0.058941
  7.760000       0.023440      -0.063759
  7.770000       0.022779      -0.068439
  7.780000       0.022072      -0.072972
  7.790000       0.021320      -0.077347
  7.800000       0.020525      -0.081556
  7.810000       0.019689      -0.085591
  7.820000       0.018814      -0.089442
  7.830000       0.017901      -0.093102
  7.840000       0.016953      -0.096564
  7.850000       0.015970      -0.099821
  7.860000       0.014957      -0.102865
  7.870000       0.013914      -0.105692
  7.880000       0.012844      -0.108296
  7.890000       0.011749      -0.110672
  7.900000       0.010631      -0.112815
  7.910000       0.009493      -0.114722
  7.920000       0.008337      -0.116389
  7.930000       0.007166      -0.117814
  7.940000       0.005982      -0.118994
  7.950000       0.004787      -0.119927
  7.960000       0.003584      -0.120613
  7.970000       0.002376      -0.121050
  7.980000       0.001164      -0.121239
  7.990000      -0.000048      -0.121179
  8.000000      -0.001259      -0.120871
  8.010000      -0.002465      -0.120318
  8.020000      -0.003664      -0.119520
  8.030000      -0.004854      -0.118480
  8.040000      -0.006033      -0.117200
  8.050000      -0.007198      -0.115685
  8.060000      -0.008346      -0.113937
  8.070000      -0.009476      -0.111961
  8.080000      -0.010584      -0.109762
  8.090000      -0.011670      -0.107344
  8.100000      -0.012731      -0.104712
  8.110000      -0.013764      -0.101873
  8.120000      -0.014767      -0.098833
  8.130000      -0.015740      -0.095597
  8.140000      -0.016679      -0.092174
  8.150000      -0.017583      -0.088569
  8.160000      -0.018450      -0.084791
  8.170000      -0.019278      -0.080847
  8.180000      -0.020066      -0.076745
  8.190000      -0.020812      -0.072494
  8.200000      -0.021515      -0.068102
  8.210000      -0.022174      -0.063577
  8.220000      -0.022786      -0.058930
  8.230000      -0.023352      -0.054168
  8.240000      -0.023869      -0.049302
  8.250000      -0.024338      -0.044340
  8.260000      -0.024756      -0.039293
  8.270000      -0.025123      -0.034170
  8.280000      -0.025439      -0.028981
  8.290000      -0.025703      -0.023737
  8.300000      -0.025914      -0.018447
  8.310000      -0.026072      -0.013122
  8.320000      -0.026176      -0.007771
  8.330000      -0.026227      -0.002406
  8.340000      -0.026224       0.002964
  8.350000      -0.026168       0.008328
  8.360000      -0.026058       0.013674
  8.370000      -0.025894       0.018989
  8.380000      -0.025678       0.024264
  8.390000      -0.025409       0.029486
  8.400000      -0.025089       0.034644
  8.410000      -0.024717       0.039727
  8.420000      -0.024294       0.044723
  8.430000      -0.023822       0.049623
  8.440000      -0.023302       0.054416
  8.450000      -0.022735       0.059091
  8.460000      -0.022121       0.063639
  8.470000      -0.021462       0.068050
  8.480000      -0.020760       0.072314
  8.490000      -0.020016       0.076423
  8.500000      -0.019232       0.080369
  8.510000      -0.018410       0.084143
  8.520000      -0.017550       0.087737
  8.530000      -0.016656       0.091144
  8.540000      -0.015728       0.094357
  8.550000      -0.014769       0.097371
  8.560000      -0.013781       0.100178
  8.570000      -0.012766       0.102774
  8.580000      -0.011726       0.105154
  8.590000      -0.010664       0.107312
  8.600000      -0.009581       0.109246
  8.610000      -0.008480       0.110951
  8.620000      -0.007363       0.112426
  8.630000      -0.006232       0.113666
  8.640000      -0.005090       0.114671
  8.650000      -0.003939       0.115438
  8.660000      -0.002782       0.115968
  8.670000      -0.001621       0.116259
  8.680000      -0.000458       0.116311
  8.690000       0.000705       0.116126
  8.700000       0.001864       0.115703
  8.710000       0.003018       0.115046
  8.720000       0.004164       0.114155
  8.730000       0.005300       0.113033
  8.740000       0.006424       0.111683
  8.750000       0.007533       0.110108
  8.760000       0.008625       0.108312
  8.770000       0.009699       0.106300
  8.780000       0.010751       0.104075
  8.790000       0.011779       0.101643
  8.800000       0.012783       0.099009
  8.810000       0.013759       0.096178
  8.820000       0.014706       0.093158
  8.830000       0.015622       0.089953
  8.840000       0.016504       0.086572
  8.850000       0.017352       0.083020
  8.860000       0.018164       0.079306
  8.870000       0.018938       0.075436
  8.880000       0.019672       0.071419
  8.890000       0.020366       0.067263
  8.900000       0.021017       0.062976
  8.910000       0.021625       0.058566
  8.920000       0.022188       0.054043
  8.930000       0.022706       0.049415
  8.940000       0.023176       0.044691
  8.950000       0.023599       0.039881
  8.960000       0.023974       0.034994
  8.970000       0.024299       0.030039
  8.980000       0.024574       0.025026
  8.990000       0.024799       0.019965
  9.000000       0.024973       0.014866
  9.010000       0.025096       0.009737
  9.020000       0.025168       0.004591
  9.030000       0.025188      -0.000565
  9.040000       0.025157      -0.005719
  9.050000       0.025074      -0.010861
  9.060000       0.024940      -0.015980
  9.070000       0.024754      -0.021063
  9.080000       0.024518      -0.026101
  9.090000       0.024232      -0.031083
  9.100000       0.023897      -0.035997
  9.110000       0.023513      -0.040834
  9.120000       0.023081      -0.045582
  9.130000       0.022601      -0.050232
  9.140000       0.022076      -0.054773
  9.150000       0.021506      -0.059197
  9.160000       0.020893      -0.063493
  9.170000       0.020237      -0.067653
  9.180000       0.019540      -0.071668
  9.190000       0.018804      -0.075530
  9.200000       0.018030      -0.079230
  9.210000       0.017220      -0.082761
  9.220000       0.016376      -0.086116
  9.230000       0.015498      -0.089288
  9.240000       0.014590      -0.092271
  9.250000       0.013654      -0.095059
  9.260000       0.012690      -0.097646
  9.270000       0.011701      -0.100027
  9.280000       0.010690      -0.102199
  9.290000       0.009658      -0.104156
  9.300000       0.008608      -0.105895
  9.310000       0.007541      -0.107414
  9.320000       0.006460      -0.108709
  9.330000       0.005368      -0.109778
  9.340000       0.004265      -0.110620
  9.350000       0.003156      -0.111234
  9.360000       0.002041      -0.111619
  9.370000       0.000924      -0.111775
  9.380000      -0.000193      -0.111702
  9.390000      -0.001309      -0.111400
  9.400000      -0.002421      -0.110872
  9.410000      -0.003526      -0.110119
  9.420000      -0.004622      -0.109142
  9.430000      -0.005708      -0.107945
  9.440000      -0.006780      -0.106530
  9.450000      -0.007838      -0.104901
  9.460000      -0.008878      -0.103061
  9.470000      -0.009898      -0.101015
  9.480000      -0.010897      -0.098768
  9.490000      -0.011873      -0.096324
  9.500000      -0.012823      -0.093688
  9.510000      -0.013746      -0.090867
  9.520000      -0.014640      -0.087866
  9.530000      -0.015503      -0.084692
  9.540000      -0.016333      -0.081351
  9.550000      -0.017129      -0.077850
  9.560000      -0.017890      -0.074196
  9.570000      -0.018613      -0.070397
  9.580000      -0.019297      -0.066460
  9.590000      -0.019942      -0.062393
  9.600000      -0.020545      -0.058205
  9.610000      -0.021105      -0.053903
  9.620000      -0.021622      -0.049497
  9.630000      -0.022095      -0.044995
  9.640000      -0.022522      -0.040405
  9.650000      -0.022903      -0.035737
  9.660000      -0.023236      -0.031000
  9.670000      -0.023523      -0.026203
  9.680000      -0.023760      -0.021355
  9.690000      -0.023949      -0.016466
  9.700000      -0.024090      -0.011546
  9.710000      -0.024180      -0.006603
  9.720000      -0.024222      -0.001647
  9.730000      -0.024213       0.003312
  9.740000      -0.024155       0.008264
  9.750000      -0.024048       0.013197
  9.760000      -0.023892       0.018103
  9.770000      -0.023686       0.022969
  9.780000      -0.023432       0.027785
  9.790000      -0.023131       0.032542
  9.800000      -0.022782       0.037228
  9.810000      -0.022386       0.041834
  9.820000      -0.021945       0.046350
  9.830000      -0.021460       0.050766
  9.840000      -0.020930       0.055072
  9.850000      -0.020359       0.059261
  9.860000      -0.019746       0.063322
  9.870000      -0.019093       0.067248
  9.880000      -0.018401       0.071030
  9.890000      -0.017673       0.074661
  9.900000      -0.016908       0.078132
  9.910000      -0.016110       0.081437
  9.920000      -0.015280       0.084569
  9.930000      -0.014420       0.087522
  9.940000      -0.013530       0.090290
  9.950000      -0.012614       0.092867
  9.960000      -0.011674       0.095249
  9.970000      -0.010710       0.097431
  9.980000      -0.009726       0.099408
  9.990000      -0.008723       0.101178
 10.000000      -0.007703       0.102736
 10.010000      -0.006669       0.104081
 10.020000      -0.005622       0.105210
 10.030000      -0.004565       0.106120
 10.040000      -0.003500       0.106812
 10.050000      -0.002430       0.107283
 10.060000      -0.001355       0.107534
 10.070000      -0.000280       0.107564
 10.080000       0.000795       0.107374
 10.090000       0.001867       0.106966
 10.100000       0.002934       0.106339
 10.110000       0.003993       0.105497
 10.120000       0.005043       0.104441
 10.130000       0.006081       0.103175
 10.140000       0.007106       0.101700
 10.150000       0.008115       0.100021
 10.160000       0.009105       0.098142
 10.170000       0.010077       0.096066
 10.180000       0.011026       0.093799
 10.190000       0.011952       0.091345
 10.200000       0.012852       0.088709
 10.210000       0.013726       0.085897
 10.220000       0.014570       0.082916
 10.230000       0.015383       0.079771
 10.240000       0.016165       0.076469
 10.250000       0.016912       0.073016
 10.260000       0.017625       0.069420
 10.270000       0.018300       0.065687
 10.280000       0.018938       0.061827
 10.290000       0.019536       0.057845
 10.300000       0.020094       0.053751
 10.310000       0.020611       0.049551
 10.320000       0.021085       0.045256
 10.330000       0.021516       0.040872
 10.340000       0.021902       0.036409
 10.350000       0.022244       0.031876
 10.360000       0.022540       0.027280
 10.370000       0.022789       0.022632
 10.380000       0.022992       0.017940
 10.390000       0.023148       0.013213
 10.400000       0.023256       0.008460
 10.410000       0.023317       0.003692
 10.420000       0.023330      -0.001084
 10.430000       0.023295      -0.005858
 10.440000       0.023213      -0.010619
 10.450000       0.023083      -0.015356
 10.460000       0.022906      -0.020061
 10.470000       0.022682      -0.024723
 10.480000       0.022412      -0.029331
 10.490000       0.022096      -0.033876
 10.500000       0.021734      -0.038348
 10.510000       0.021329      -0.042737
 10.520000       0.020880      -0.047035
 10.530000       0.020389      -0.051231
 10.540000       0.019856      -0.055318
 10.550000       0.019283      -0.059286
 10.560000       0.018670      -0.063127
 10.570000       0.018020      -0.066834
 10.580000       0.017334      -0.070398
 10.590000       0.016613      -0.073812
 10.600000       0.015858      -0.077069
 10.610000       0.015072      -0.080162
 10.620000       0.014256      -0.083086
 10.630000       0.013411      -0.085834
 10.640000       0.012540      -0.088401
 10.650000       0.011644      -0.090782
 10.660000       0.010725      -0.092972
 10.670000       0.009785      -0.094967
 10.680000       0.008826      -0.096764
 10.690000       0.007850      -0.098358
 10.700000       0.006860      -0.099748
 10.710000       0.005856      -0.100930
 10.720000       0.004842      -0.101904
 10.730000       0.003819      -0.102666
 10.740000       0.002789      -0.103217
 10.750000       0.001755      -0.103556
 10.760000       0.000719      -0.103682
 10.770000      -0.000318      -0.103595
 10.780000      -0.001353      -0.103298
 10.790000      -0.002383      -0.102789
 10.800000      -0.003408      -0.102072
 10.810000      -0.004424      -0.101148
 10.820000      -0.005430      -0.100019
 10.830000      -0.006424      -0.098688
 10.840000      -0.007403      -0.097159
 10.850000      -0.008366      -0.095435
 10.860000      -0.009311      -0.093519
 10.870000      -0.010236      -0.091416
 10.880000      -0.011139      -0.089131
 10.890000      -0.012018      -0.086669
 10.900000      -0.012872      -0.084034
 10.910000      -0.013698      -0.081233
 10.920000      -0.014496      -0.078271
 10.930000      -0.015263      -0.075154
 10.940000      -0.015998      -0.071890
 10.950000      -0.016700      -0.068484
 10.960000      -0.017368      -0.064943
 10.970000      -0.017999      -0.061275
 10.980000      -0.018593      -0.057487
 10.990000      -0.019148      -0.053586
 11.000000      -0.019664      -0.049581
 11.010000      -0.020139      -0.045479
 11.020000      -0.020573      -0.041288
 11.030000      -0.020965      -0.037017
 11.040000      -0.021313      -0.032674
 11.050000      -0.021618      -0.028268
 11.060000      -0.021879      -0.023806
 11.070000      -0.022094      -0.019299
 11.080000      -0.022264      -0.014754
 11.090000      -0.022389      -0.010180
 11.100000      -0.022468      -0.005587
 11.110000      -0.022501      -0.000983
 11.120000      -0.022488       0.003623
 11.130000      -0.022428       0.008222
 11.140000      -0.022323       0.012802
 11.150000      -0.022172       0.017355
 11.160000      -0.021976       0.021871
 11.170000      -0.021735       0.026339
 11.180000      -0.021450       0.030751
 11.190000      -0.021120       0.035096
 11.200000      -0.020748       0.039366
 11.210000      -0.020333       0.043552
 11.220000      -0.019877       0.047644
 11.230000      -0.019381       0.051634
 11.240000      -0.018845       0.055514
 11.250000      -0.018271       0.059275
 11.260000      -0.017660       0.062909
 11.270000      -0.017013       0.066410
 11.280000      -0.016332       0.069769
 11.290000      -0.015618       0.072979
 11.300000      -0.014873       0.076035
 11.310000      -0.014098       0.078930
 11.320000      -0.013295       0.081659
 11.330000      -0.012465       0.084214
 11.340000      -0.011611       0.086593
 11.350000      -0.010734       0.088790
 11.360000      -0.009836       0.090800
 11.370000      -0.008919       0.092621
 11.380000      -0.007984       0.094248
 11.390000      -0.007035       0.095679
 11.400000      -0.006071       0.096910
 11.410000      -0.005097       0.097941
 11.420000      -0.004113       0.098770
 11.430000      -0.003122       0.099394
 11.440000      -0.002126       0.099814
 11.450000      -0.001127       0.100029
 11.460000      -0.000126       0.100038
 11.470000       0.000873       0.099843
 11.480000       0.001870       0.099445
 11.490000       0.002862       0.098844
 11.500000       0.003846       0.098042
 11.510000       0.004822       0.097042
 11.520000       0.005786       0.095846
 11.530000       0.006738       0.094456
 11.540000       0.007675       0.092876
 11.550000       0.008595       0.091110
 11.560000       0.009496       0.089162
 11.570000       0.010378       0.087035
 11.580000       0.011237       0.084735
 11.590000       0.012072       0.082265
 11.600000       0.012881       0.079633
 11.610000       0.013664       0.076843
 11.620000       0.014418       0.073900
 11.630000       0.015141       0.070812
 11.640000       0.015833       0.067584
 11.650000       0.016493       0.064223
 11.660000       0.017117       0.060735
 11.670000       0.017707       0.057129
 11.680000       0.018260       0.053410
 11.690000       0.018775       0.049587
 11.700000       0.019251       0.045667
 11.710000       0.019688       0.041658
 11.720000       0.020084       0.037567
 11.730000       0.020439       0.033403
 11.740000       0.020752       0.029174
 11.750000       0.021022       0.024889
 11.760000       0.021249       0.020555
 11.770000       0.021433       0.016181
 11.780000       0.021573       0.011775
 11.790000       0.021669       0.007347
 11.800000       0.021720       0.002904
 11.810000       0.021727      -0.001544
 11.820000       0.021689      -0.005989
 11.830000       0.021607      -0.010421
 11.840000       0.021481      -0.014830
 11.850000       0.021310      -0.019208
 11.860000       0.021097      -0.023544
 11.870000       0.020840      -0.027830
 11.880000       0.020540      -0.032056
 11.890000       0.020199      -0.036213
 11.900000       0.019816      -0.040292
 11.910000       0.019393      -0.044286
 11.920000       0.018931      -0.048184
 11.930000       0.018430      -0.051979
 11.940000       0.017892      -0.055664
 11.950000       0.017317      -0.059229
 11.960000       0.016707      -0.062669
 11.970000       0.016064      -0.065975
 11.980000       0.015388      -0.069141
 11.990000       0.014682      -0.072161
 12.000000       0.013946      -0.075027
 12.010000       0.013182      -0.077735
 12.020000       0.012392      -0.080280
 12.030000       0.011577      -0.082655
 12.040000       0.010739      -0.084857
 12.050000       0.009880      -0.086880
 12.060000       0.009002      -0.088722
 12.070000       0.008106      -0.090379
 12.080000       0.007195      -0.091847
 12.090000       0.006270      -0.093124
 12.100000       0.005333      -0.094208
 12.110000       0.004387      -0.095097
 12.120000       0.003432      -0.095789
 12.130000       0.002471      -0.096285
 12.140000       0.001507      -0.096582
 12.150000       0.000540      -0.096681
 12.160000      -0.000426      -0.096582
 12.170000      -0.001391      -0.096285
 12.180000      -0.002351      -0.095793
 12.190000      -0.003306      -0.095106
 12.200000      -0.004253      -0.094226
 12.210000      -0.005190      -0.093155
 12.220000      -0.006115      -0.091896
 12.230000      -0.007027      -0.090452
 12.240000      -0.007923      -0.088826
 12.250000      -0.008803      -0.087022
 12.260000      -0.009663      -0.085044
 12.270000      -0.010503      -0.082895
 12.280000      -0.011321      -0.080582
 12.290000      -0.012114      -0.078108
 12.300000      -0.012882      -0.075479
 12.310000      -0.013623      -0.072700
 12.320000      -0.014336      -0.069777
 12.330000      -0.015018      -0.066716
 12.340000      -0.015670      -0.063524
 12.350000      -0.016288      -0.060207
 12.360000      -0.016873      -0.056771
 12.370000      -0.017424      -0.053224
 12.380000      -0.017938      -0.049572
 12.390000      -0.018415      -0.045823
 12.400000      -0.018854      -0.041985
 12.410000      -0.019254      -0.038064
 12.420000      -0.019615      -0.034069
 12.430000      -0.019935      -0.030008
 12.440000      -0.020215      -0.025888
 12.450000      -0.020453      -0.021717
 12.460000      -0.020649      -0.017505
 12.470000      -0.020803      -0.013258
 12.480000      -0.020914      -0.008985
 12.490000      -0.020982      -0.004695
 12.500000      -0.021008      -0.000396
 12.510000      -0.020990       0.003904
 12.520000      -0.020930       0.008195
 12.530000      -0.020827       0.012469
 12.540000      -0.020681       0.016716
 12.550000      -0.020492       0.020927
 12.560000      -0.020262       0.025094
 12.570000      -0.019991       0.029206
 12.580000      -0.019678       0.033256
 12.590000      -0.019326       0.037234
 12.600000      -0.018934       0.041133
 12.610000      -0.018503       0.044944
 12.620000      -0.018035       0.048659
 12.630000      -0.017531       0.052270
 12.640000      -0.016990       0.055770
 12.650000      -0.016416       0.059151
 12.660000      -0.015808       0.062406
 12.670000      -0.015168       0.065529
 12.680000      -0.014498       0.068513
 12.690000      -0.013798       0.071352
 12.700000      -0.013071       0.074041
 12.710000      -0.012318       0.076573
 12.720000      -0.011540       0.078944
 12.730000      -0.010739       0.081149
 12.740000      -0.009918       0.083184
 12.750000      -0.009076       0.085044
 12.760000      -0.008217       0.086728
 12.770000      -0.007342       0.088230
 12.780000      -0.006453       0.089549
 12.790000      -0.005552       0.090682
 12.800000      -0.004640       0.091627
 12.810000      -0.003720       0.092382
 12.820000      -0.002793       0.092947
 12.830000      -0.001862       0.093321
 12.840000      -0.000928       0.093503
 12.850000       0.000008       0.093494
 12.860000       0.000942       0.093293
 12.870000       0.001873       0.092902
 12.880000       0.002799       0.092322
 12.890000       0.003719       0.091555
 12.900000       0.004630       0.090602
 12.910000       0.005530       0.089465
 12.920000       0.006418       0.088149
 12.930000       0.007292       0.086654
 12.940000       0.008151       0.084986
 12.950000       0.008992       0.083147
 12.960000       0.009813       0.081142
 12.970000       0.010614       0.078974
 12.980000       0.011392       0.076650
 12.990000       0.012146       0.074172
 13.000000       0.012875       0.071548
 13.010000       0.013577       0.068781
 13.020000       0.014250       0.065878
 13.030000       0.014894       0.062845
 13.040000       0.015507       0.059688
 13.050000       0.016087       0.056414
 13.060000       0.016635       0.053028
 13.070000       0.017148       0.049538
 13.080000       0.017625       0.045951
 13.090000       0.018066       0.042274
 13.100000       0.018470       0.038513
 13.110000       0.018836       0.034678
 13.120000       0.019164       0.030775
 13.130000       0.019452       0.026811
 13.140000       0.019700       0.022796
 13.150000       0.019907       0.018735
 13.160000       0.020074       0.014639
 13.170000       0.020200       0.010513
 13.180000       0.020284       0.006368
 13.190000       0.020327       0.002209
 13.200000       0.020329      -0.001953
 13.210000       0.020288      -0.006111
 13.220000       0.020206      -0.010256
 13.230000       0.020083      -0.014380
 13.240000       0.019919      -0.018472
 13.250000       0.019714      -0.022525
 13.260000       0.019469      -0.026529
 13.270000       0.019184      -0.030477
 13.280000       0.018859      -0.034359
 13.290000       0.018497      -0.038168
 13.300000       0.018096      -0.041896
 13.310000       0.017659      -0.045534
 13.320000       0.017186      -0.049075
 13.330000       0.016678      -0.052511
 13.340000       0.016136      -0.055836
 13.350000       0.015561      -0.059042
 13.360000       0.014956      -0.062123
 13.370000       0.014319      -0.065072
 13.380000       0.013655      -0.067884
 13.390000       0.012962      -0.070552
 13.400000       0.012244      -0.073072
 13.410000       0.011501      -0.075438
 13.420000       0.010736      -0.077645
 13.430000       0.009949      -0.079689
 13.440000       0.009143      -0.081567
 13.450000       0.008318      -0.083274
 13.460000       0.007478      -0.084808
 13.470000       0.006623      -0.086165
 13.480000       0.005755      -0.087343
 13.490000       0.004876      -0.088340
 13.500000       0.003989      -0.089154
 13.510000       0.003094      -0.089784
 13.520000       0.002194      -0.090229
 13.530000       0.001290      -0.090489
 13.540000       0.000385      -0.090564
 13.550000      -0.000521      -0.090453
 13.560000      -0.001424      -0.090157
 13.570000      -0.002323      -0.089677
 13.580000      -0.003217      -0.089016
 13.590000      -0.004103      -0.088173
 13.600000      -0.004980      -0.087152
 13.610000      -0.005845      -0.085955
 13.620000      -0.006698      -0.084585
 13.630000      -0.007537      -0.083044
 13.640000      -0.008359      -0.081336
 13.650000      -0.009163      -0.079466
 13.660000      -0.009947      -0.077436
 13.670000      -0.010711      -0.075252
 13.680000      -0.011452      -0.072918
 13.690000      -0.012169      -0.070439
 13.700000      -0.012860      -0.067820
 13.710000      -0.013525      -0.065066
 13.720000      -0.014161      -0.062183
 13.730000      -0.014768      -0.059178
 13.740000      -0.015344      -0.056056
 13.750000      -0.015889      -0.052823
 13.760000      -0.016400      -0.049486
 13.770000      -0.016878      -0.046052
 13.780000      -0.017321      -0.042527
 13.790000      -0.017728      -0.038919
 13.800000      -0.018099      -0.035234
 13.810000      -0.018433      -0.031481
 13.820000      -0.018729      -0.027666
 13.830000      -0.018986      -0.023797
 13.840000      -0.019204      -0.019881
 13.850000      -0.019383      -0.015926
 13.860000      -0.019523      -0.011941
 13.870000      -0.019622      -0.007932
 13.880000      -0.019681      -0.003907
 13.890000      -0.019700       0.000125
 13.900000      -0.019679       0.004157
 13.910000      -0.019617       0.008179
 13.920000      -0.019515       0.012185
 13.930000      -0.019374       0.016164
 13.940000      -0.019192       0.020108
 13.950000      -0.018972       0.024010
 13.960000      -0.018712       0.027860
 13.970000      -0.018415       0.031651
 13.980000      -0.018079       0.035374
 13.990000      -0.017707       0.039021
 14.000000      -0.017299       0.042586
 14.010000      -0.016856       0.046059
 14.020000      -0.016378       0.049435
 14.030000      -0.015868       0.052705
 14.040000      -0.015325       0.055864
 14.050000      -0.014751       0.058904
 14.060000      -0.014147       0.061819
 14.070000      -0.013515       0.064604
 14.080000      -0.012855       0.067253
 14.090000      -0.012170       0.069759
 14.100000      -0.011461       0.072119
 14.110000      -0.010728       0.074327
 14.120000      -0.009975       0.076379
 14.130000      -0.009201       0.078272
 14.140000      -0.008410       0.080001
 14.150000      -0.007602       0.081563
 14.160000      -0.006779       0.082955
 14.170000      -0.005943       0.084174
 14.180000      -0.005096       0.085220
 14.190000      -0.004239       0.086088
 14.200000      -0.003375       0.086780
 14.210000      -0.002504       0.087292
 14.220000      -0.001630       0.087624
 14.230000      -0.000753       0.087777
 14.240000       0.000125       0.087750
 14.250000       0.001002       0.087543
 14.260000       0.001875       0.087158
 14.270000       0.002744       0.086596
 14.280000       0.003607       0.085858
 14.290000       0.004461       0.084945
 14.300000       0.005305       0.083861
 14.310000       0.006138       0.082607
 14.320000       0.006957       0.081187
 14.330000       0.007761       0.079604
 14.340000       0.008548       0.077860
 14.350000       0.009317       0.075961
 14.360000       0.010067       0.073910
 14.370000       0.010795       0.071711
 14.380000       0.011501       0.069369
 14.390000       0.012182       0.066890
 14.400000       0.012838       0.064277
 14.410000       0.013467       0.061537
 14.420000       0.014068       0.058675
 14.430000       0.014640       0.055697
 14.440000       0.015182       0.052609
 14.450000       0.015692       0.049417
 14.460000       0.016170       0.046128
 14.470000       0.016614       0.042748
 14.480000       0.017025       0.039284
 14.490000       0.017400       0.035742
 14.500000       0.017739       0.032131
 14.510000       0.018042       0.028457
 14.520000       0.018308       0.024727
 14.530000       0.018537       0.020948
 14.540000       0.018727       0.017129
 14.550000       0.018879       0.013276
 14.560000       0.018992       0.009397
 14.570000       0.019067       0.005500
 14.580000       0.019102       0.001592
 14.590000       0.019099      -0.002320
 14.600000       0.019056      -0.006226
 14.610000       0.018974      -0.010119
 14.620000       0.018854      -0.013990
 14.630000       0.018695      -0.017831
 14.640000       0.018497      -0.021634
 14.650000       0.018262      -0.025391
 14.660000       0.017990      -0.029094
 14.670000       0.017680      -0.032735
 14.680000       0.017335      -0.036306
 14.690000       0.016955      -0.039799
 14.700000       0.016539      -0.043208
 14.710000       0.016091      -0.046525
 14.720000       0.015609      -0.049743
 14.730000       0.015096      -0.052855
 14.740000       0.014553      -0.055856
 14.750000       0.013979      -0.058738
 14.760000       0.013378      -0.061496
 14.770000       0.012750      -0.064125
 14.780000       0.012096      -0.066618
 14.790000       0.011418      -0.068971
 14.800000       0.010717      -0.071179
 14.810000       0.009995      -0.073237
 14.820000       0.009253      -0.075143
 14.830000       0.008493      -0.076891
 14.840000       0.007716      -0.078479
 14.850000       0.006924      -0.079904
 14.860000       0.006118      -0.081162
 14.870000       0.005301      -0.082252
 14.880000       0.004474      -0.083172
 14.890000       0.003638      -0.083919
 14.900000       0.002796      -0.084494
 14.910000       0.001949      -0.084895
 14.920000       0.001099      -0.085121
 14.930000       0.000247      -0.085173
 14.940000      -0.000604      -0.085051
 14.950000      -0.001453      -0.084754
 14.960000      -0.002299      -0.084286
 14.970000      -0.003139      -0.083645
 14.980000      -0.003971      -0.082835
 14.990000      -0.004795      -0.081857
 15.000000      -0.005608      -0.080714
 15.010000      -0.006408      -0.079408
 15.020000      -0.007195      -0.077942
 15.030000      -0.007967      -0.076319
 15.040000      -0.008721      -0.074543
 15.050000      -0.009457      -0.072617
 15.060000      -0.010173      -0.070547
 15.070000      -0.010868      -0.068335
 15.080000      -0.011539      -0.065988
 15.090000      -0.012187      -0.063509
 15.100000      -0.012809      -0.060904
 15.110000      -0.013405      -0.058178
 15.120000      -0.013972      -0.055337
 15.130000      -0.014511      -0.052386
 15.140000      -0.015020      -0.049332
 15.150000      -0.015497      -0.046181
 15.160000      -0.015943      -0.042938
 15.170000      -0.016356      -0.039611
 15.180000      -0.016735      -0.036206
 15.190000      -0.017080      -0.032730
 15.200000      -0.017389      -0.029190
 15.210000      -0.017663      -0.025592
 15.220000      -0.017901      -0.021944
 15.230000      -0.018102      -0.018253
 15.240000      -0.018266      -0.014527
 15.250000      -0.018392      -0.010771
 15.260000      -0.018481      -0.006995
 15.270000      -0.018532      -0.003205
 15.280000      -0.018545       0.000591
 15.290000      -0.018521       0.004386
 15.300000      -0.018458       0.008171
 15.310000      -0.018357       0.011939
 15.320000      -0.018219       0.015682
 15.330000      -0.018044       0.019391
 15.340000      -0.017831       0.023058
 15.350000      -0.017583       0.026677
 15.360000      -0.017298       0.030238
 15.370000      -0.016978       0.033735
 15.380000      -0.016624       0.037161
 15.390000      -0.016235       0.040507
 15.400000      -0.015814       0.043767
 15.410000      -0.015360       0.046934
 15.420000      -0.014875       0.050002
 15.430000      -0.014360       0.052964
 15.440000      -0.013816       0.055814
 15.450000      -0.013245       0.058546
 15.460000      -0.012646       0.061154
 15.470000      -0.012022       0.063633
 15.480000      -0.011374       0.065979
 15.490000      -0.010703       0.068186
 15.500000      -0.010010       0.070250
 15.510000      -0.009298       0.072166
 15.520000      -0.008568       0.073932
 15.530000      -0.007820       0.075544
 15.540000      -0.007057       0.076998
 15.550000      -0.006281       0.078292
 15.560000      -0.005492       0.079424
 15.570000      -0.004693       0.080391
 15.580000      -0.003885       0.081192
 15.590000      -0.003069       0.081825
 15.600000      -0.002249       0.082290
 15.610000      -0.001424       0.082585
 15.620000      -0.000598       0.082711
 15.630000       0.000229       0.082668
 15.640000       0.001055       0.082455
 15.650000       0.001878       0.082075
 15.660000       0.002696       0.081527
 15.670000       0.003508       0.080814
 15.680000       0.004312       0.079937
 15.690000       0.005106       0.078898
 15.700000       0.005889       0.077699
 15.710000       0.006660       0.076344
 15.720000       0.007416       0.074835
 15.730000       0.008156       0.073176
 15.740000       0.008879       0.071370
 15.750000       0.009583       0.069421
 15.760000       0.010267       0.067334
 15.770000       0.010929       0.065112
 15.780000       0.011568       0.062760
 15.790000       0.012184       0.060283
 15.800000       0.012774       0.057687
 15.810000       0.013337       0.054976
 15.820000       0.013873       0.052156
 15.830000       0.014380       0.049233
 15.840000       0.014857       0.046213
 15.850000       0.015304       0.043101
 15.860000       0.015719       0.039904
 15.870000       0.016102       0.036629
 15.880000       0.016451       0.033282
 15.890000       0.016767       0.029869
 15.900000       0.017048       0.026397
 15.910000       0.017295       0.022874
 15.920000       0.017506       0.019306
 15.930000       0.017681       0.015700
 15.940000       0.017820       0.012063
 15.950000       0.017922       0.008402
 15.960000       0.017988       0.004725
 15.970000       0.018016       0.001039
 15.980000       0.018008      -0.002650
 15.990000       0.017963      -0.006332
 16.000000       0.017882      -0.010001
 16.010000       0.017764      -0.013649
 16.020000       0.017609      -0.017268
 16.030000       0.017418      -0.020850
 16.040000       0.017192      -0.024387
 16.050000       0.016931      -0.027873
 16.060000       0.016635      -0.031299
 16.070000       0.016305      -0.034658
 16.080000       0.015942      -0.037944
 16.090000       0.015546      -0.041150
 16.100000       0.015119      -0.044268
 16.110000       0.014661      -0.047292
 16.120000       0.014174      -0.050216
 16.130000       0.013657      -0.053034
 16.140000       0.013113      -0.055739
 16.150000       0.012543      -0.058328
 16.160000       0.011947      -0.060793
 16.170000       0.011327      -0.063130
 16.180000       0.010685      -0.065335
 16.190000       0.010021      -0.067403
 16.200000       0.009337      -0.069330
 16.210000       0.008635      -0.071111
 16.220000       0.007916      -0.072744
 16.230000       0.007181      -0.074226
 16.240000       0.006432      -0.075553
 16.250000       0.005670      -0.076723
 16.260000       0.004898      -0.077735
 16.270000       0.004116      -0.078585
 16.280000       0.003327      -0.079273
 16.290000       0.002531      -0.079798
 16.300000       0.001731      -0.080159
 16.310000       0.000929      -0.080355
 16.320000       0.000125      -0.080386
 16.330000      -0.000679      -0.080253
 16.340000      -0.001480      -0.079956
 16.350000      -0.002277      -0.079496
 16.360000      -0.003069      -0.078874
 16.370000      -0.003854      -0.078092
 16.380000      -0.004631      -0.077152
 16.390000      -0.005397      -0.076056
 16.400000      -0.006151      -0.074806
 16.410000      -0.006892      -0.073406
 16.420000      -0.007619      -0.071857
 16.430000      -0.008329      -0.070165
 16.440000      -0.009022      -0.068331
 16.450000      -0.009695      -0.066361
 16.460000      -0.010348      -0.064259
 16.470000      -0.010980      -0.062028
 16.480000      -0.011588      -0.059673
 16.490000      -0.012173      -0.057200
 16.500000      -0.012732      -0.054613
 16.510000      -0.013265      -0.051918
 16.520000      -0.013770      -0.049120
 16.530000      -0.014247      -0.046224
 16.540000      -0.014694      -0.043237
 16.550000      -0.015111      -0.040165
 16.560000      -0.015497      -0.037014
 16.570000      -0.015851      -0.033789
 16.580000      -0.016173      -0.030498
 16.590000      -0.016461      -0.027147
 16.600000      -0.016716      -0.023743
 16.610000      -0.016936      -0.020292
 16.620000      -0.017121      -0.016801
 16.630000      -0.017272      -0.013277
 16.640000      -0.017387      -0.009727
 16.650000      -0.017466      -0.006158
 16.660000      -0.017510      -0.002576
 16.670000      -0.017518       0.001010
 16.680000      -0.017490       0.004594
 16.690000      -0.017426       0.008168
 16.700000      -0.017326       0.011725
 16.710000      -0.017192       0.015257
 16.720000      -0.017021       0.018756
 16.730000      -0.016817       0.022216
 16.740000      -0.016577       0.025628
 16.750000      -0.016304       0.028986
 16.760000      -0.015998       0.032282
 16.770000      -0.015659       0.035509
 16.780000      -0.015288       0.038661
 16.790000      -0.014886       0.041731
 16.800000      -0.014453       0.044713
 16.810000      -0.013992       0.047600
 16.820000      -0.013502       0.050386
 16.830000      -0.012984       0.053066
 16.840000      -0.012441       0.055635
 16.850000      -0.011872       0.058085
 16.860000      -0.011280       0.060414
 16.870000      -0.010664       0.062616
 16.880000      -0.010028       0.064686
 16.890000      -0.009371       0.066621
 16.900000      -0.008696       0.068417
 16.910000      -0.008003       0.070070
 16.920000      -0.007295       0.071577
 16.930000      -0.006572       0.072935
 16.940000      -0.005837       0.074141
 16.950000      -0.005090       0.075194
 16.960000      -0.004333       0.076091
 16.970000      -0.003569       0.076830
 16.980000      -0.002797       0.077411
 16.990000      -0.002021       0.077833
 17.000000      -0.001241       0.078095
 17.010000      -0.000459       0.078197
 17.020000       0.000322       0.078139
 17.030000       0.001103       0.077920
 17.040000       0.001880       0.077543
 17.050000       0.002653       0.077008
 17.060000       0.003420       0.076317
 17.070000       0.004179       0.075471
 17.080000       0.004929       0.074472
 17.090000       0.005668       0.073322
 17.100000       0.006395       0.072024
 17.110000       0.007108       0.070582
 17.120000       0.007806       0.068997
 17.130000       0.008487       0.067274
 17.140000       0.009151       0.065416
 17.150000       0.009795       0.063427
 17.160000       0.010419       0.061311
 17.170000       0.011021       0.059073
 17.180000       0.011600       0.056717
 17.190000       0.012155       0.054249
 17.200000       0.012685       0.051672
 17.210000       0.013188       0.048993
 17.220000       0.013664       0.046217
 17.230000       0.014112       0.043350
 17.240000       0.014531       0.040396
 17.250000       0.014920       0.037363
 17.260000       0.015278       0.034256
 17.270000       0.015605       0.031082
 17.280000       0.015899       0.027846
 17.290000       0.016161       0.024555
 17.300000       0.016390       0.021216
 17.310000       0.016586       0.017835
 17.320000       0.016747       0.014420
 17.330000       0.016874       0.010976
 17.340000       0.016966       0.007510
 17.350000       0.017024       0.004029
 17.360000       0.017047       0.000541
 17.370000       0.017035      -0.002948
 17.380000       0.016988      -0.006431
 17.390000       0.016906      -0.009901
 17.400000       0.016790      -0.013349
 17.410000       0.016639      -0.016769
 17.420000       0.016455      -0.020153
 17.430000       0.016237      -0.023495
 17.440000       0.015985      -0.026786
 17.450000       0.015701      -0.030021
 17.460000       0.015385      -0.033191
 17.470000       0.015037      -0.036292
 17.480000       0.014659      -0.039315
 17.490000       0.014251      -0.042256
 17.500000       0.013814      -0.045106
 17.510000       0.013350      -0.047862
 17.520000       0.012858      -0.050516
 17.530000       0.012340      -0.053064
 17.540000       0.011797      -0.055501
 17.550000       0.011230      -0.057820
 17.560000       0.010641      -0.060018
 17.570000       0.010030      -0.062090
 17.580000       0.009399      -0.064032
 17.590000       0.008750      -0.065840
 17.600000       0.008083      -0.067511
 17.610000       0.007400      -0.069041
 17.620000       0.006703      -0.070427
 17.630000       0.005992      -0.071667
 17.640000       0.005270      -0.072758
 17.650000       0.004537      -0.073699
 17.660000       0.003796      -0.074487
 17.670000       0.003048      -0.075121
 17.680000       0.002294      -0.075601
 17.690000       0.001537      -0.075925
 17.700000       0.000776      -0.076094
 17.710000       0.000015      -0.076106
 17.720000      -0.000745      -0.075963
 17.730000      -0.001503      -0.075664
 17.740000      -0.002258      -0.075212
 17.750000      -0.003007      -0.074606
 17.760000      -0.003750      -0.073849
 17.770000      -0.004484      -0.072942
 17.780000      -0.005208      -0.071888
 17.790000      -0.005921      -0.070688
 17.800000      -0.006621      -0.069346
 17.810000      -0.007307      -0.067864
 17.820000      -0.007978      -0.066246
 17.830000      -0.008632      -0.064495
 17.840000      -0.009268      -0.062614
 17.850000      -0.009884      -0.060608
 17.860000      -0.010479      -0.058481
 17.870000      -0.011053      -0.056238
 17.880000      -0.011604      -0.053882
 17.890000      -0.012130      -0.051420
 17.900000      -0.012632      -0.048854
 17.910000      -0.013107      -0.046192
 17.920000      -0.013555      -0.043439
 17.930000      -0.013976      -0.040599
 17.940000      -0.014367      -0.037679
 17.950000      -0.014729      -0.034685
 17.960000      -0.015060      -0.031622
 17.970000      -0.015361      -0.028497
 17.980000      -0.015630      -0.025315
 17.990000      -0.015867      -0.022084
 18.000000      -0.016072      -0.018809
 18.010000      -0.016243      -0.015497
 18.020000      -0.016382      -0.012154
 18.030000      -0.016486      -0.008788
 18.040000      -0.016557      -0.005404
 18.050000      -0.016594      -0.002010
 18.060000      -0.016597       0.001389
 18.070000      -0.016567       0.004784
 18.080000      -0.016502       0.008169
 18.090000      -0.016403       0.011537
 18.100000      -0.016271       0.014880
 18.110000      -0.016106       0.018192
 18.120000      -0.015907       0.021465
 18.130000      -0.015677       0.024692
 18.140000      -0.015414       0.027867
 18.150000      -0.015119       0.030983
 18.160000      -0.014794       0.034033
 18.170000      -0.014439       0.037011
 18.180000      -0.014054       0.039911
 18.190000      -0.013641       0.042726
 18.200000      -0.013200       0.045451
 18.210000      -0.012732       0.048080
 18.220000      -0.012239       0.050608
 18.230000      -0.011721       0.053029
 18.240000      -0.011179       0.055339
 18.250000      -0.010614       0.057532
 18.260000      -0.010028       0.059605
 18.270000      -0.009423       0.061553
 18.280000      -0.008798       0.063372
 18.290000      -0.008156       0.065059
 18.300000      -0.007497       0.066610
 18.310000      -0.006824       0.068023
 18.320000      -0.006137       0.069294
 18.330000      -0.005438       0.070421
 18.340000      -0.004729       0.071402
 18.350000      -0.004011       0.072236
 18.360000      -0.003285       0.072921
 18.370000      -0.002553       0.073455
 18.380000      -0.001816       0.073838
 18.390000      -0.001077       0.074069
 18.400000      -0.000335       0.074149
 18.410000       0.000406       0.074076
 18.420000       0.001146       0.073853
 18.430000       0.001882       0.073478
 18.440000       0.002615       0.072954
 18.450000       0.003341       0.072282
 18.460000       0.004060       0.071463
 18.470000       0.004770       0.070499
 18.480000       0.005469       0.069393
 18.490000       0.006157       0.068147
 18.500000       0.006832       0.066763
 18.510000       0.007492       0.065245
 18.520000       0.008136       0.063596
 18.530000       0.008763       0.061819
 18.540000       0.009372       0.059918
 18.550000       0.009961       0.057897
 18.560000       0.010530       0.055761
 18.570000       0.011076       0.053514
 18.580000       0.011600       0.051160
 18.590000       0.012099       0.048704
 18.600000       0.012573       0.046151
 18.610000       0.013022       0.043507
 18.620000       0.013443       0.040776
 18.630000       0.013837       0.037965
 18.640000       0.014202       0.035078
 18.650000       0.014538       0.032122
 18.660000       0.014845       0.029103
 18.670000       0.015120       0.026026
 18.680000       0.015365       0.022898
 18.690000       0.015578       0.019724
 18.700000       0.015759       0.016512
 18.710000       0.015908       0.013267
 18.720000       0.016024       0.009996
 18.730000       0.016108       0.006705
 18.740000       0.016159       0.003402
 18.750000       0.016176       0.000091
 18.760000       0.016160      -0.003220
 18.770000       0.016112      -0.006524
 18.780000       0.016030      -0.009813
 18.790000       0.015915      -0.013083
 18.800000       0.015768      -0.016324
 18.810000       0.015589      -0.019531
 18.820000       0.015378      -0.022696
 18.830000       0.015135      -0.025813
 18.840000       0.014862      -0.028875
 18.850000       0.014558      -0.031876
 18.860000       0.014225      -0.034810
 18.870000       0.013862      -0.037670
 18.880000       0.013471      -0.040450
 18.890000       0.013053      -0.043145
 18.900000       0.012609      -0.045749
 18.910000       0.012139      -0.048257
 18.920000       0.011644      -0.050663
 18.930000       0.011126      -0.052962
 18.940000       0.010585      -0.055150
 18.950000       0.010023      -0.057223
 18.960000       0.009441      -0.059175
 18.970000       0.008840      -0.061004
 18.980000       0.008221      -0.062706
 18.990000       0.007586      -0.064276
 19.000000       0.006936      -0.065713
 19.010000       0.006273      -0.067013
 19.020000       0.005597      -0.068174
 19.030000       0.004910      -0.069194
 19.040000       0.004213      -0.070071
 19.050000       0.003509      -0.070802
 19.060000       0.002798      -0.071388
 19.070000       0.002081      -0.071827
 19.080000       0.001362      -0.072118
 19.090000       0.000640      -0.072261
 19.100000      -0.000083      -0.072256
 19.110000      -0.000805      -0.072103
 19.120000      -0.001525      -0.071804
 19.130000      -0.002241      -0.071357
 19.140000      -0.002951      -0.070766
 19.150000      -0.003656      -0.070031
 19.160000      -0.004352      -0.069153
 19.170000      -0.005038      -0.068136
 19.180000      -0.005714      -0.066981
 19.190000      -0.006377      -0.065691
 19.200000      -0.007027      -0.064269
 19.210000      -0.007662      -0.062717
 19.220000      -0.008281      -0.061039
 19.230000      -0.008883      -0.059239
 19.240000      -0.009466      -0.057320
 19.250000      -0.010029      -0.055287
 19.260000      -0.010571      -0.053143
 19.270000      -0.011091      -0.050893
 19.280000      -0.011588      -0.048542
 19.290000      -0.012062      -0.046094
 19.300000      -0.012510      -0.043554
 19.310000      -0.012932      -0.040928
 19.320000      -0.013328      -0.038221
 19.330000      -0.013697      -0.035438
 19.340000      -0.014037      -0.032585
 19.350000      -0.014348      -0.029667
 19.360000      -0.014630      -0.026691
 19.370000      -0.014882      -0.023662
 19.380000      -0.015103      -0.020586
 19.390000      -0.015293      -0.017470
 19.400000      -0.015452      -0.014319
 19.410000      -0.015580      -0.011140
 19.420000      -0.015675      -0.007939
 19.430000      -0.015738      -0.004722
 19.440000      -0.015769      -0.001496
 19.450000      -0.015768       0.001733
 19.460000      -0.015735       0.004958
 19.470000      -0.015669       0.008173
 19.480000      -0.015571       0.011370
 19.490000      -0.015442       0.014543
 19.500000      -0.015281       0.017686
 19.510000      -0.015088       0.020791
 19.520000      -0.014865       0.023851
 19.530000      -0.014611       0.026862
 19.540000      -0.014328       0.029815
 19.550000      -0.014015       0.032705
 19.560000      -0.013674       0.035526
 19.570000      -0.013305       0.038272
 19.580000      -0.012909       0.040938
 19.590000      -0.012487       0.043517
 19.600000      -0.012039       0.046004
 19.610000      -0.011567       0.048394
 19.620000      -0.011071       0.050683
 19.630000      -0.010554       0.052865
 19.640000      -0.010014       0.054936
 19.650000      -0.009455       0.056893
 19.660000      -0.008877       0.058730
 19.670000      -0.008281       0.060445
 19.680000      -0.007668       0.062033
 19.690000      -0.007041       0.063492
 19.700000      -0.006399       0.064820
 19.710000      -0.005745       0.066012
 19.720000      -0.005079       0.067068
 19.730000      -0.004404       0.067985
 19.740000      -0.003720       0.068761
 19.750000      -0.003029       0.069396
 19.760000      -0.002333       0.069887
 19.770000      -0.001632       0.070235
 19.780000      -0.000928       0.070438
 19.790000      -0.000224       0.070497
 19.800000       0.000481       0.070412
 19.810000       0.001184       0.070183
 19.820000       0.001884       0.069811
 19.830000       0.002580       0.069296
 19.840000       0.003270       0.068641
 19.850000       0.003952       0.067846
 19.860000       0.004626       0.066914
 19.870000       0.005290       0.065847
 19.880000       0.005943       0.064646
 19.890000       0.006583       0.063315
 19.900000       0.007209       0.061857
 19.910000       0.007819       0.060274
 19.920000       0.008414       0.058570
 19.930000       0.008990       0.056749
 19.940000       0.009548       0.054814
 19.950000       0.010086       0.052770
 19.960000       0.010603       0.050620
 19.970000       0.011098       0.048369
 19.980000       0.011570       0.046022
 19.990000       0.012018       0.043583
