# Posicion	Momentum
# m = 3 kg, k = 0.5 N/m, c = 0.2 Ns/m
# x0 = 0 m, v0 = 5 m/s
# t0 = 0 s, tf = 55 s, dt = 0.02 s
# Sistema: Oscilador armonico amortiguado LINEAL
0	15
0.0999323	14.9795
0.199725	14.9581
0.299371	14.9356
0.398864	14.9122
0.498199	14.8879
0.597367	14.8626
0.696364	14.8363
0.795183	14.8091
0.893817	14.7809
0.992259	14.7518
1.09051	14.7217
1.18855	14.6907
1.28638	14.6588
1.384	14.6259
1.48139	14.5921
1.57856	14.5574
1.67549	14.5217
1.77218	14.4851
1.86862	14.4476
1.96481	14.4092
2.06074	14.3699
2.15641	14.3297
2.2518	14.2886
2.34692	14.2466
2.44175	14.2037
2.5363	14.1599
2.63055	14.1152
2.7245	14.0696
2.81814	14.0232
2.91147	13.9759
3.00449	13.9277
3.09717	13.8786
3.18953	13.8287
3.28155	13.778
3.37324	13.7264
3.46457	13.6739
3.55555	13.6206
3.64618	13.5665
3.73644	13.5115
3.82633	13.4557
3.91584	13.3991
4.00498	13.3417
4.09373	13.2834
4.18209	13.2244
4.27005	13.1645
4.35762	13.1039
4.44477	13.0424
4.53151	12.9802
4.61784	12.9172
4.70374	12.8534
4.78922	12.7888
4.87426	12.7235
4.95886	12.6574
5.04302	12.5906
5.12673	12.523
5.20999	12.4546
5.29279	12.3856
5.37513	12.3158
5.457	12.2452
5.5384	12.174
5.61932	12.102
5.69976	12.0293
5.77971	11.9559
5.85917	11.8818
5.93813	11.8071
6.01659	11.7316
6.09455	11.6554
6.172	11.5786
6.24893	11.5011
6.32535	11.423
6.40124	11.3442
6.4766	11.2647
6.55143	11.1846
6.62573	11.1038
6.69948	11.0225
6.77269	10.9405
6.84535	10.8578
6.91746	10.7746
6.98901	10.6908
7.06	10.6063
7.13043	10.5213
7.20029	10.4357
7.26957	10.3495
7.33828	10.2627
7.4064	10.1753
7.47395	10.0874
7.5409	9.99895
7.60726	9.90993
7.67303	9.82038
7.7382	9.73029
7.80277	9.63967
7.86673	9.54853
7.93008	9.45687
7.99282	9.36471
8.05494	9.27205
8.11645	9.17889
8.17733	9.08524
8.23758	8.99112
8.29721	8.89652
8.3562	8.80145
8.41456	8.70592
8.47228	8.60994
8.52936	8.51352
8.58579	8.41666
8.64158	8.31936
8.69672	8.22164
8.7512	8.12351
8.80503	8.02496
8.8582	7.92601
8.91071	7.82666
8.96255	7.72693
9.01373	7.62681
9.06424	7.52631
9.11408	7.42545
9.16325	7.32423
9.21174	7.22266
9.25955	7.12074
9.30668	7.01848
9.35313	6.91589
9.39889	6.81298
9.44397	6.70975
9.48835	6.60621
9.53205	6.50237
9.57505	6.39823
9.61736	6.29381
9.65897	6.18911
9.69988	6.08413
9.74009	5.97889
9.7796	5.87339
9.8184	5.76763
9.8565	5.66164
9.89389	5.55541
9.93057	5.44895
9.96654	5.34227
10.0018	5.23538
10.0363	5.12827
10.0702	5.02098
10.1033	4.91348
10.1357	4.80581
10.1674	4.69796
10.1983	4.58994
10.2286	4.48175
10.2581	4.37342
10.2869	4.26493
10.315	4.15631
10.3423	4.04755
10.3689	3.93867
10.3948	3.82967
10.42	3.72056
10.4444	3.61135
10.4681	3.50205
10.4911	3.39266
10.5134	3.28318
10.5349	3.17364
10.5557	3.06402
10.5757	2.95435
10.5951	2.84463
10.6137	2.73487
10.6315	2.62507
10.6487	2.51524
10.6651	2.40539
10.6807	2.29553
10.6957	2.18566
10.7099	2.07579
10.7234	1.96593
10.7361	1.85608
10.7481	1.74626
10.7594	1.63646
10.7699	1.52671
10.7797	1.417
10.7888	1.30734
10.7972	1.19774
10.8048	1.0882
10.8117	0.978741
10.8178	0.869361
10.8233	0.760068
10.828	0.650871
10.8319	0.541776
10.8352	0.43279
10.8377	0.32392
10.8395	0.215174
10.8406	0.106558
10.8409	-0.00191981
10.8406	-0.110253
10.8395	-0.218435
10.8377	-0.326458
10.8351	-0.434315
10.8319	-0.541999
10.8279	-0.649504
10.8232	-0.756823
10.8178	-0.863948
10.8117	-0.970873
10.8049	-1.07759
10.7973	-1.18409
10.7891	-1.29038
10.7801	-1.39643
10.7704	-1.50225
10.7601	-1.60783
10.749	-1.71316
10.7372	-1.81824
10.7248	-1.92306
10.7116	-2.02761
10.6977	-2.13188
10.6832	-2.23587
10.6679	-2.33958
10.652	-2.44299
10.6354	-2.5461
10.618	-2.64891
10.6	-2.7514
10.5813	-2.85357
10.562	-2.95541
10.5419	-3.05693
10.5212	-3.1581
10.4998	-3.25893
10.4778	-3.3594
10.455	-3.45952
10.4316	-3.55928
10.4076	-3.65866
10.3829	-3.75767
10.3575	-3.8563
10.3315	-3.95453
10.3048	-4.05238
10.2774	-4.14982
10.2494	-4.24686
10.2208	-4.34348
10.1915	-4.43969
10.1616	-4.53547
10.131	-4.63082
10.0999	-4.72574
10.068	-4.82022
10.0356	-4.91425
10.0025	-5.00782
9.96882	-5.10094
9.9345	-5.19359
9.89957	-5.28578
9.86403	-5.37749
9.82787	-5.46872
9.79111	-5.55946
9.75375	-5.64971
9.71579	-5.73947
9.67722	-5.82872
9.63807	-5.91747
9.59833	-6.0057
9.558	-6.09342
9.51708	-6.18061
9.47559	-6.26728
9.43352	-6.35341
9.39088	-6.439
9.34767	-6.52405
9.30389	-6.60856
9.25955	-6.69251
9.21466	-6.7759
9.16921	-6.85873
9.12321	-6.94099
9.07666	-7.02268
9.02958	-7.1038
8.98195	-7.18433
8.93379	-7.26428
8.88509	-7.34363
8.83587	-7.42239
8.78613	-7.50056
8.73587	-7.57811
8.68509	-7.65506
8.6338	-7.7314
8.582	-7.80712
8.52971	-7.88222
8.47691	-7.95669
8.42362	-8.03054
8.36984	-8.10375
8.31557	-8.17632
8.26082	-8.24826
8.20559	-8.31954
8.1499	-8.39018
8.09373	-8.46017
8.03709	-8.52949
7.98	-8.59816
7.92245	-8.66616
7.86445	-8.7335
7.80601	-8.80016
7.74712	-8.86615
7.68779	-8.93146
7.62804	-8.99609
7.56785	-9.06003
7.50724	-9.12329
7.44621	-9.18585
7.38476	-9.24771
7.32291	-9.30888
7.26064	-9.36935
7.19798	-9.42911
7.13492	-9.48816
7.07147	-9.5465
7.00764	-9.60413
6.94342	-9.66104
6.87883	-9.71724
6.81386	-9.77271
6.74853	-9.82745
6.68283	-9.88147
6.61677	-9.93476
6.55037	-9.98731
6.48361	-10.0391
6.41651	-10.0902
6.34908	-10.1406
6.28131	-10.1902
6.21321	-10.239
6.14479	-10.2871
6.07605	-10.3345
6.007	-10.3811
5.93764	-10.4269
5.86797	-10.472
5.79801	-10.5164
5.72776	-10.5599
5.65721	-10.6028
5.58639	-10.6448
5.51529	-10.6861
5.44391	-10.7266
5.37227	-10.7664
5.30036	-10.8053
5.2282	-10.8436
5.15578	-10.881
5.08312	-10.9177
5.01021	-10.9535
4.93707	-10.9887
4.8637	-11.023
4.7901	-11.0565
4.71628	-11.0893
4.64225	-11.1213
4.568	-11.1525
4.49355	-11.1829
4.4189	-11.2125
4.34405	-11.2414
4.26901	-11.2694
4.19379	-11.2967
4.11839	-11.3232
4.04282	-11.3489
3.96707	-11.3738
3.89117	-11.3979
3.8151	-11.4212
3.73889	-11.4437
3.66252	-11.4655
3.58602	-11.4864
3.50937	-11.5066
3.4326	-11.5259
3.3557	-11.5445
3.27867	-11.5622
3.20153	-11.5792
3.12428	-11.5954
3.04693	-11.6108
2.96948	-11.6254
2.89193	-11.6392
2.81429	-11.6522
2.73657	-11.6644
2.65877	-11.6758
2.58089	-11.6864
2.50295	-11.6963
2.42494	-11.7053
2.34688	-11.7135
2.26876	-11.721
2.1906	-11.7277
2.1124	-11.7335
2.03416	-11.7386
1.95588	-11.7429
1.87759	-11.7464
1.79927	-11.7491
1.72093	-11.7511
1.64259	-11.7522
1.56424	-11.7526
1.48589	-11.7522
1.40754	-11.751
1.32921	-11.749
1.25089	-11.7462
1.1726	-11.7427
1.09432	-11.7384
1.01609	-11.7333
0.937883	-11.7274
0.859722	-11.7208
0.781608	-11.7133
0.703546	-11.7051
0.625541	-11.6962
0.547598	-11.6865
0.469723	-11.676
0.39192	-11.6647
0.314195	-11.6527
0.236552	-11.6399
0.158997	-11.6264
0.0815351	-11.6121
0.00417074	-11.5971
-0.0730908	-11.5813
-0.150245	-11.5647
-0.227286	-11.5474
-0.304209	-11.5294
-0.381009	-11.5106
-0.457682	-11.4911
-0.534222	-11.4708
-0.610624	-11.4498
-0.686884	-11.4281
-0.762997	-11.4056
-0.838957	-11.3824
-0.91476	-11.3585
-0.990402	-11.3338
-1.06588	-11.3084
-1.14118	-11.2823
-1.21631	-11.2555
-1.29125	-11.228
-1.36601	-11.1998
-1.44058	-11.1708
-1.51495	-11.1412
-1.58913	-11.1108
-1.6631	-11.0797
-1.73686	-11.048
-1.8104	-11.0155
-1.88373	-10.9824
-1.95683	-10.9486
-2.02971	-10.9141
-2.10235	-10.8789
-2.17476	-10.843
-2.24692	-10.8065
-2.31884	-10.7693
-2.39051	-10.7314
-2.46193	-10.6928
-2.53308	-10.6536
-2.60397	-10.6138
-2.6746	-10.5733
-2.74495	-10.5321
-2.81502	-10.4903
-2.88482	-10.4478
-2.95433	-10.4047
-3.02355	-10.361
-3.09247	-10.3166
-3.1611	-10.2716
-3.22942	-10.226
-3.29744	-10.1798
-3.36515	-10.1329
-3.43255	-10.0854
-3.49963	-10.0374
-3.56638	-9.98869
-3.63281	-9.9394
-3.6989	-9.88953
-3.76467	-9.83906
-3.83009	-9.788
-3.89517	-9.73635
-3.95991	-9.68413
-4.02429	-9.63133
-4.08832	-9.57796
-4.152	-9.52403
-4.21531	-9.46953
-4.27826	-9.41447
-4.34083	-9.35886
-4.40304	-9.3027
-4.46487	-9.24599
-4.52632	-9.18875
-4.58738	-9.13096
-4.64806	-9.07265
-4.70835	-9.01381
-4.76825	-8.95445
-4.82774	-8.89457
-4.88684	-8.83418
-4.94553	-8.77328
-5.00381	-8.71187
-5.06169	-8.64997
-5.11915	-8.58757
-5.17619	-8.52469
-5.23281	-8.46132
-5.289	-8.39747
-5.34477	-8.33315
-5.40011	-8.26835
-5.45502	-8.2031
-5.50949	-8.13738
-5.56351	-8.07121
-5.6171	-8.00459
-5.67024	-7.93752
-5.72293	-7.87002
-5.77517	-7.80208
-5.82696	-7.73371
-5.87829	-7.66492
-5.92916	-7.59571
-5.97956	-7.52608
-6.0295	-7.45605
-6.07898	-7.38561
-6.12798	-7.31478
-6.17651	-7.24355
-6.22456	-7.17193
-6.27213	-7.09993
-6.31922	-7.02756
-6.36583	-6.95481
-6.41195	-6.8817
-6.45759	-6.80822
-6.50273	-6.73439
-6.54738	-6.66021
-6.59153	-6.58569
-6.63519	-6.51082
-6.67834	-6.43562
-6.72099	-6.36009
-6.76314	-6.28424
-6.80478	-6.20807
-6.84592	-6.13159
-6.88654	-6.05481
-6.92665	-5.97772
-6.96624	-5.90034
-7.00532	-5.82266
-7.04387	-5.7447
-7.08191	-5.66647
-7.11943	-5.58796
-7.15642	-5.50918
-7.19288	-5.43014
-7.22882	-5.35084
-7.26423	-5.2713
-7.2991	-5.1915
-7.33344	-5.11147
-7.36725	-5.03121
-7.40053	-4.95071
-7.43326	-4.87
-7.46546	-4.78906
-7.49712	-4.70792
-7.52823	-4.62657
-7.5588	-4.54502
-7.58883	-4.46327
-7.61831	-4.38134
-7.64725	-4.29923
-7.67564	-4.21693
-7.70347	-4.13447
-7.73076	-4.05184
-7.7575	-3.96905
-7.78368	-3.88611
-7.80931	-3.80302
-7.83439	-3.71978
-7.85891	-3.63641
-7.88287	-3.55291
-7.90628	-3.46928
-7.92913	-3.38553
-7.95142	-3.30167
-7.97315	-3.2177
-7.99432	-3.13363
-8.01493	-3.04946
-8.03498	-2.9652
-8.05447	-2.88086
-8.07339	-2.79643
-8.09176	-2.71193
-8.10955	-2.62737
-8.12679	-2.54274
-8.14346	-2.45805
-8.15956	-2.37332
-8.1751	-2.28853
-8.19007	-2.20371
-8.20448	-2.11886
-8.21833	-2.03398
-8.2316	-1.94907
-8.24431	-1.86415
-8.25646	-1.77921
-8.26804	-1.69428
-8.27905	-1.60934
-8.28949	-1.5244
-8.29937	-1.43948
-8.30869	-1.35458
-8.31744	-1.2697
-8.32562	-1.18485
-8.33323	-1.10003
-8.34028	-1.01525
-8.34677	-0.930519
-8.35269	-0.845837
-8.35805	-0.761211
-8.36284	-0.676648
-8.36707	-0.592152
-8.37074	-0.507729
-8.37384	-0.423385
-8.37638	-0.339125
-8.37836	-0.254955
-8.37978	-0.17088
-8.38064	-0.0869055
-8.38094	-0.00303719
-8.38068	0.0807196
-8.37986	0.164359
-8.37849	0.247877
-8.37656	0.331266
-8.37407	0.414523
-8.37103	0.497641
-8.36744	0.580615
-8.36329	0.663439
-8.35859	0.74611
-8.35334	0.82862
-8.34755	0.910965
-8.3412	0.99314
-8.3343	1.07514
-8.32686	1.15696
-8.31888	1.23859
-8.31035	1.32003
-8.30128	1.40127
-8.29167	1.48232
-8.28151	1.56315
-8.27082	1.64378
-8.2596	1.72418
-8.24784	1.80437
-8.23554	1.88433
-8.22271	1.96405
-8.20935	2.04354
-8.19547	2.12279
-8.18105	2.20179
-8.16611	2.28054
-8.15064	2.35903
-8.13466	2.43726
-8.11815	2.51522
-8.10112	2.59291
-8.08358	2.67033
-8.06552	2.74746
-8.04694	2.82431
-8.02786	2.90087
-8.00827	2.97713
-7.98816	3.05309
-7.96756	3.12875
-7.94645	3.2041
-7.92484	3.27913
-7.90273	3.35385
-7.88012	3.42824
-7.85702	3.50231
-7.83342	3.57604
-7.80934	3.64944
-7.78477	3.7225
-7.75971	3.79521
-7.73416	3.86757
-7.70814	3.93957
-7.68164	4.01122
-7.65466	4.08251
-7.6272	4.15343
-7.59928	4.22398
-7.57089	4.29415
-7.54202	4.36394
-7.5127	4.43335
-7.48291	4.50237
-7.45267	4.571
-7.42197	4.63923
-7.39081	4.70707
-7.35921	4.7745
-7.32715	4.84152
-7.29466	4.90813
-7.26171	4.97432
-7.22833	5.0401
-7.19451	5.10545
-7.16026	5.17037
-7.12558	5.23486
-7.09046	5.29892
-7.05492	5.36254
-7.01896	5.42572
-6.98258	5.48845
-6.94579	5.55073
-6.90857	5.61256
-6.87095	5.67394
-6.83292	5.73485
-6.79449	5.7953
-6.75565	5.85529
-6.71642	5.9148
-6.67679	5.97384
-6.63677	6.0324
-6.59636	6.09049
-6.55556	6.14809
-6.51439	6.2052
-6.47283	6.26183
-6.4309	6.31796
-6.38859	6.3736
-6.34592	6.42873
-6.30288	6.48337
-6.25947	6.5375
-6.21571	6.59113
-6.17159	6.64424
-6.12712	6.69684
-6.0823	6.74892
-6.03714	6.80049
-5.99163	6.85153
-5.94578	6.90205
-5.8996	6.95204
-5.85309	7.0015
-5.80625	7.05043
-5.75909	7.09882
-5.7116	7.14668
-5.6638	7.194
-5.61568	7.24077
-5.56726	7.287
-5.51852	7.33268
-5.46949	7.37782
-5.42015	7.4224
-5.37052	7.46643
-5.3206	7.5099
-5.27039	7.55281
-5.2199	7.59516
-5.16913	7.63695
-5.11808	7.67818
-5.06675	7.71884
-5.01516	7.75893
-4.9633	7.79845
-4.91118	7.8374
-4.8588	7.87578
-4.80617	7.91357
-4.75329	7.9508
-4.70016	7.98744
-4.64679	8.0235
-4.59318	8.05898
-4.53934	8.09387
-4.48527	8.12818
-4.43097	8.1619
-4.37644	8.19503
-4.3217	8.22758
-4.26674	8.25953
-4.21157	8.29088
-4.1562	8.32165
-4.10062	8.35182
-4.04484	8.38139
-3.98887	8.41036
-3.93271	8.43874
-3.87635	8.46651
-3.81982	8.49369
-3.76311	8.52026
-3.70622	8.54623
-3.64916	8.57159
-3.59193	8.59635
-3.53454	8.62051
-3.47699	8.64406
-3.41929	8.667
-3.36143	8.68933
-3.30343	8.71105
-3.24529	8.73217
-3.18701	8.75267
-3.12859	8.77257
-3.07004	8.79185
-3.01136	8.81052
-2.95257	8.82858
-2.89365	8.84603
-2.83462	8.86287
-2.77548	8.87909
-2.71623	8.8947
-2.65689	8.9097
-2.59744	8.92408
-2.5379	8.93785
-2.47827	8.951
-2.41855	8.96354
-2.35876	8.97547
-2.29888	8.98678
-2.23893	8.99748
-2.17892	9.00757
-2.11884	9.01704
-2.05869	9.0259
-1.99849	9.03415
-1.93824	9.04178
-1.87794	9.0488
-1.81759	9.05521
-1.7572	9.061
-1.69678	9.06619
-1.63632	9.07076
-1.57583	9.07473
-1.51532	9.07808
-1.45479	9.08083
-1.39425	9.08296
-1.33369	9.08449
-1.27312	9.08541
-1.21255	9.08573
-1.15198	9.08543
-1.09141	9.08454
-1.03086	9.08304
-0.970309	9.08093
-0.909778	9.07823
-0.849267	9.07492
-0.78878	9.07101
-0.728322	9.06651
-0.667895	9.0614
-0.607504	9.0557
-0.547154	9.0494
-0.486847	9.04251
-0.426588	9.03503
-0.366381	9.02695
-0.30623	9.01828
-0.246139	9.00903
-0.186111	8.99918
-0.126151	8.98875
-0.0662621	8.97774
-0.00644888	8.96614
0.0532851	8.95396
0.112936	8.9412
0.1725	8.92786
0.231973	8.91394
0.291351	8.89945
0.350631	8.88438
0.409808	8.86874
0.468879	8.85254
0.527841	8.83576
0.586688	8.81842
0.645418	8.80051
0.704027	8.78204
0.762511	8.76301
0.820866	8.74342
0.879089	8.72328
0.937175	8.70258
0.995122	8.68133
1.05293	8.65953
1.11058	8.63718
1.16809	8.61429
1.22544	8.59085
1.28263	8.56687
1.33966	8.54235
1.39653	8.5173
1.45322	8.49171
1.50975	8.46559
1.5661	8.43894
1.62227	8.41176
1.67825	8.38406
1.73405	8.35584
1.78966	8.3271
1.84508	8.29784
1.9003	8.26807
1.95532	8.23779
2.01014	8.207
2.06474	8.1757
2.11914	8.1439
2.17333	8.1116
2.2273	8.07881
2.28105	8.04552
2.33457	8.01173
2.38787	7.97746
2.44093	7.9427
2.49377	7.90746
2.54637	7.87174
2.59872	7.83554
2.65084	7.79887
2.70271	7.76173
2.75433	7.72412
2.8057	7.68605
2.85681	7.64751
2.90766	7.60852
2.95825	7.56907
3.00858	7.52917
3.05864	7.48882
3.10843	7.44803
3.15795	7.40679
3.20719	7.36512
3.25615	7.32301
3.30483	7.28047
3.35322	7.2375
3.40133	7.19411
3.44914	7.15029
3.49666	7.10606
3.54389	7.06141
3.59081	7.01635
3.63744	6.97089
3.68376	6.92501
3.72977	6.87874
3.77547	6.83208
3.82086	6.78502
3.86594	6.73757
3.9107	6.68973
3.95514	6.64152
3.99925	6.59292
4.04304	6.54395
4.0865	6.49461
4.12963	6.4449
4.17243	6.39483
4.2149	6.3444
4.25702	6.29362
4.29881	6.24248
4.34026	6.191
4.38136	6.13917
4.42211	6.087
4.46252	6.03449
4.50257	5.98166
4.54227	5.92849
4.58162	5.875
4.6206	5.8212
4.65923	5.76707
4.6975	5.71263
4.7354	5.65789
4.77294	5.60284
4.8101	5.54749
4.8469	5.49185
4.88333	5.43591
4.91938	5.37968
4.95506	5.32318
4.99035	5.26639
5.02527	5.20933
5.05981	5.15199
5.09397	5.09439
5.12774	5.03653
5.16112	4.97841
5.19411	4.92003
5.22672	4.86141
5.25893	4.80254
5.29075	4.74342
5.32218	4.68407
5.35321	4.62449
5.38384	4.56468
5.41407	4.50464
5.4439	4.44439
5.47333	4.38392
5.50235	4.32323
5.53097	4.26234
5.55918	4.20125
5.58699	4.13996
5.61438	4.07847
5.64136	4.01679
5.66794	3.95493
5.6941	3.89289
5.71984	3.83067
5.74517	3.76828
5.77009	3.70572
5.79458	3.643
5.81866	3.58012
5.84232	3.51708
5.86555	3.45389
5.88837	3.39056
5.91076	3.32708
5.93273	3.26347
5.95427	3.19973
5.97539	3.13586
5.99608	3.07186
6.01635	3.00774
6.03619	2.94351
6.0556	2.87917
6.07457	2.81473
6.09312	2.75018
6.11124	2.68553
6.12893	2.62079
6.14619	2.55597
6.16301	2.49105
6.1794	2.42606
6.19536	2.361
6.21088	2.29586
6.22597	2.23066
6.24062	2.1654
6.25484	2.10007
6.26862	2.0347
6.28197	1.96928
6.29488	1.90381
6.30735	1.8383
6.31939	1.77276
6.33099	1.70719
6.34215	1.64159
6.35288	1.57597
6.36317	1.51033
6.37302	1.44468
6.38243	1.37902
6.3914	1.31336
6.39994	1.24769
6.40804	1.18203
6.4157	1.11638
6.42293	1.05074
6.42971	0.985123
6.43606	0.919524
6.44197	0.853951
6.44745	0.788408
6.45248	0.722901
6.45708	0.657432
6.46125	0.592007
6.46498	0.52663
6.46827	0.461305
6.47113	0.396036
6.47355	0.330828
6.47554	0.265684
6.47709	0.20061
6.47822	0.135609
6.4789	0.0706853
6.47916	0.00584364
6.47898	-0.058912
6.47837	-0.123577
6.47733	-0.188149
6.47586	-0.252621
6.47397	-0.316991
6.47164	-0.381254
6.46888	-0.445406
6.4657	-0.509442
6.46209	-0.57336
6.45806	-0.637154
6.4536	-0.70082
6.44871	-0.764355
6.4434	-0.827755
6.43767	-0.891015
6.43152	-0.954131
6.42495	-1.0171
6.41796	-1.07992
6.41055	-1.14258
6.40273	-1.20508
6.39449	-1.26742
6.38583	-1.32959
6.37676	-1.39159
6.36728	-1.45341
6.35738	-1.51506
6.34708	-1.57652
6.33636	-1.63779
6.32524	-1.69888
6.31371	-1.75977
6.30178	-1.82046
6.28944	-1.88094
6.2767	-1.94123
6.26356	-2.0013
6.25001	-2.06116
6.23607	-2.1208
6.22174	-2.18023
6.207	-2.23942
6.19188	-2.29839
6.17636	-2.35713
6.16045	-2.41563
6.14415	-2.4739
6.12747	-2.53192
6.11039	-2.58969
6.09294	-2.64722
6.0751	-2.70449
6.05688	-2.76151
6.03828	-2.81826
6.0193	-2.87476
5.99995	-2.93098
5.98022	-2.98694
5.96012	-3.04262
5.93965	-3.09803
5.91882	-3.15315
5.89761	-3.20799
5.87604	-3.26255
5.85411	-3.31681
5.83182	-3.37078
5.80917	-3.42446
5.78616	-3.47783
5.7628	-3.53091
5.73908	-3.58367
5.71502	-3.63613
5.6906	-3.68828
5.66584	-3.74011
5.64074	-3.79162
5.61529	-3.84281
5.5895	-3.89368
5.56337	-3.94422
5.53691	-3.99442
5.51011	-4.0443
5.48299	-4.09384
5.45553	-4.14304
5.42775	-4.1919
5.39964	-4.24042
5.37121	-4.28859
5.34246	-4.33641
5.31339	-4.38387
5.28401	-4.43098
5.25431	-4.47773
5.22431	-4.52413
5.19399	-4.57016
5.16337	-4.61582
5.13245	-4.66111
5.10122	-4.70604
5.0697	-4.75059
5.03788	-4.79476
5.00577	-4.83856
4.97337	-4.88197
4.94068	-4.92501
4.9077	-4.96765
4.87445	-5.00991
4.84091	-5.05178
4.80709	-5.09326
4.773	-5.13434
4.73863	-5.17503
4.704	-5.21531
4.6691	-5.2552
4.63393	-5.29468
4.5985	-5.33376
4.56281	-5.37243
4.52687	-5.41069
4.49067	-5.44853
4.45422	-5.48597
4.41753	-5.52299
4.38058	-5.55959
4.3434	-5.59577
4.30598	-5.63154
4.26831	-5.66688
4.23042	-5.70179
4.19229	-5.73628
4.15393	-5.77034
4.11535	-5.80397
4.07655	-5.83717
4.03753	-5.86993
3.99828	-5.90227
3.95883	-5.93416
3.91916	-5.96562
3.87929	-5.99663
3.83921	-6.02721
3.79893	-6.05735
3.75845	-6.08704
3.71777	-6.11628
3.6769	-6.14508
3.63583	-6.17343
3.59458	-6.20133
3.55315	-6.22879
3.51154	-6.25579
3.46974	-6.28234
3.42777	-6.30843
3.38563	-6.33407
3.34332	-6.35925
3.30084	-6.38398
3.2582	-6.40824
3.2154	-6.43205
3.17244	-6.4554
3.12933	-6.47828
3.08606	-6.50071
3.04265	-6.52267
2.9991	-6.54417
2.9554	-6.5652
2.91156	-6.58577
2.86759	-6.60587
2.82348	-6.6255
2.77925	-6.64467
2.73489	-6.66337
2.69041	-6.6816
2.6458	-6.69936
2.60108	-6.71665
2.55625	-6.73347
2.5113	-6.74982
2.46625	-6.7657
2.4211	-6.7811
2.37584	-6.79604
2.33048	-6.8105
2.28503	-6.82448
2.23949	-6.838
2.19386	-6.85104
2.14814	-6.86361
2.10235	-6.8757
2.05647	-6.88732
2.01052	-6.89846
1.96449	-6.90913
1.9184	-6.91933
1.87223	-6.92905
1.82601	-6.9383
1.77972	-6.94707
1.73338	-6.95536
1.68699	-6.96319
1.64054	-6.97054
1.59405	-6.97741
1.54751	-6.98381
1.50093	-6.98974
1.45432	-6.99519
1.40766	-7.00017
1.36098	-7.00468
1.31427	-7.00871
1.26753	-7.01227
1.22077	-7.01536
1.174	-7.01798
1.1272	-7.02013
1.08039	-7.0218
1.03358	-7.02301
0.986756	-7.02375
0.939929	-7.02402
0.893103	-7.02382
0.84628	-7.02315
0.799462	-7.02201
0.752654	-7.02041
0.705858	-7.01834
0.659077	-7.01581
0.612315	-7.01282
0.565574	-7.00936
0.518857	-7.00544
0.472169	-7.00106
0.425511	-6.99621
0.378887	-6.99091
0.3323	-6.98515
0.285753	-6.97893
0.239249	-6.97225
0.19279	-6.96512
0.146381	-6.95754
0.100024	-6.9495
0.0537223	-6.941
0.00747854	-6.93206
-0.0387041	-6.92267
-0.0848227	-6.91283
-0.130874	-6.90254
-0.176856	-6.8918
-0.222764	-6.88062
-0.268596	-6.869
-0.31435	-6.85693
-0.360021	-6.84443
-0.405608	-6.83148
-0.451107	-6.8181
-0.496515	-6.80428
-0.541829	-6.79003
-0.587047	-6.77534
-0.632166	-6.76022
-0.677183	-6.74467
-0.722094	-6.72869
-0.766898	-6.71228
-0.81159	-6.69545
-0.856169	-6.6782
-0.900632	-6.66052
-0.944975	-6.64242
-0.989197	-6.62391
-1.03329	-6.60498
-1.07726	-6.58563
-1.1211	-6.56587
-1.16481	-6.5457
-1.20838	-6.52512
-1.25181	-6.50413
-1.2951	-6.48274
-1.33824	-6.46094
-1.38124	-6.43875
-1.42409	-6.41615
-1.46679	-6.39316
-1.50933	-6.36977
-1.55172	-6.34598
-1.59394	-6.32181
-1.63601	-6.29725
-1.67791	-6.2723
-1.71964	-6.24696
-1.7612	-6.22125
-1.80259	-6.19515
-1.8438	-6.16868
-1.88484	-6.14182
-1.92569	-6.1146
-1.96636	-6.08701
-2.00685	-6.05904
-2.04715	-6.03071
-2.08726	-6.00202
-2.12718	-5.97296
-2.1669	-5.94355
-2.20642	-5.91378
-2.24575	-5.88365
-2.28487	-5.85317
-2.32379	-5.82235
-2.3625	-5.79117
-2.401	-5.75965
-2.43929	-5.72779
-2.47737	-5.69559
-2.51524	-5.66306
-2.55288	-5.63019
-2.5903	-5.59699
-2.62751	-5.56346
-2.66448	-5.5296
-2.70123	-5.49542
-2.73775	-5.46092
-2.77404	-5.42611
-2.8101	-5.39097
-2.84592	-5.35553
-2.88151	-5.31978
-2.91685	-5.28371
-2.95196	-5.24735
-2.98682	-5.21068
-3.02143	-5.17372
-3.0558	-5.13646
-3.08992	-5.09891
-3.12378	-5.06106
-3.1574	-5.02294
-3.19076	-4.98452
-3.22386	-4.94583
-3.2567	-4.90686
-3.28928	-4.86761
-3.3216	-4.82809
-3.35366	-4.78831
-3.38544	-4.74825
-3.41696	-4.70794
-3.44822	-4.66736
-3.4792	-4.62653
-3.5099	-4.58544
-3.54033	-4.5441
-3.57049	-4.50252
-3.60037	-4.46069
-3.62997	-4.41861
-3.65928	-4.3763
-3.68832	-4.33376
-3.71706	-4.29098
-3.74553	-4.24798
-3.7737	-4.20475
-3.80159	-4.16129
-3.82919	-4.11762
-3.85649	-4.07373
-3.8835	-4.02963
-3.91022	-3.98531
-3.93664	-3.9408
-3.96276	-3.89607
-3.98859	-3.85115
-4.01411	-3.80603
-4.03933	-3.76072
-4.06425	-3.71522
-4.08887	-3.66953
-4.11318	-3.62366
-4.13719	-3.5776
-4.16088	-3.53137
-4.18427	-3.48497
-4.20735	-3.4384
-4.23011	-3.39166
-4.25257	-3.34475
-4.27471	-3.29769
-4.29654	-3.25046
-4.31805	-3.20309
-4.33925	-3.15556
-4.36012	-3.10789
-4.38068	-3.06007
-4.40092	-3.01212
-4.42085	-2.96402
-4.44044	-2.9158
-4.45972	-2.86744
-4.47868	-2.81896
-4.49731	-2.77035
-4.51561	-2.72162
-4.5336	-2.67278
-4.55125	-2.62383
-4.56858	-2.57476
-4.58558	-2.52559
-4.60225	-2.47632
-4.6186	-2.42694
-4.63461	-2.37747
-4.6503	-2.32791
-4.66565	-2.27826
-4.68067	-2.22852
-4.69537	-2.17871
-4.70972	-2.12881
-4.72375	-2.07884
-4.73744	-2.02879
-4.7508	-1.97868
-4.76382	-1.9285
-4.77651	-1.87826
-4.78887	-1.82796
-4.80089	-1.77761
-4.81257	-1.7272
-4.82392	-1.67675
-4.83493	-1.62626
-4.8456	-1.57572
-4.85593	-1.52514
-4.86593	-1.47453
-4.87559	-1.42389
-4.88492	-1.37323
-4.8939	-1.32253
-4.90255	-1.27182
-4.91086	-1.22109
-4.91883	-1.17035
-4.92647	-1.1196
-4.93376	-1.06884
-4.94072	-1.01807
-4.94734	-0.967308
-4.95362	-0.916547
-4.95956	-0.865793
-4.96516	-0.815049
-4.97042	-0.764318
-4.97535	-0.713603
-4.97994	-0.662909
-4.98419	-0.612238
-4.9881	-0.561593
-4.99168	-0.510979
-4.99492	-0.460398
-4.99782	-0.409854
-5.00038	-0.35935
-5.00261	-0.30889
-5.0045	-0.258475
-5.00605	-0.208111
-5.00727	-0.157801
-5.00816	-0.107546
-5.00871	-0.0573517
-5.00892	-0.00722022
-5.0088	0.0428449
-5.00835	0.0928405
-5.00757	0.142763
-5.00645	0.19261
-5.005	0.242378
-5.00322	0.292063
-5.0011	0.341662
-4.99866	0.391173
-4.99589	0.440591
-4.99279	0.489914
-4.98936	0.539139
-4.9856	0.588263
-4.98151	0.637282
-4.9771	0.686193
-4.97236	0.734993
-4.9673	0.783679
-4.96192	0.832248
-4.95621	0.880697
-4.95017	0.929022
-4.94382	0.977222
-4.93714	1.02529
-4.93015	1.07323
-4.92283	1.12103
-4.9152	1.1687
-4.90725	1.21622
-4.89899	1.2636
-4.8904	1.31083
-4.88151	1.35791
-4.8723	1.40484
-4.86278	1.45161
-4.85295	1.49822
-4.8428	1.54467
-4.83235	1.59096
-4.82159	1.63707
-4.81052	1.68302
-4.79915	1.72879
-4.78747	1.77439
-4.77549	1.81981
-4.76321	1.86505
-4.75062	1.9101
-4.73774	1.95497
-4.72456	1.99964
-4.71108	2.04412
-4.6973	2.08841
-4.68323	2.1325
-4.66887	2.17639
-4.65422	2.22007
-4.63927	2.26355
-4.62404	2.30682
-4.60851	2.34988
-4.59271	2.39273
-4.57661	2.43535
-4.56023	2.47776
-4.54358	2.51995
-4.52664	2.56191
-4.50942	2.60365
-4.49192	2.64516
-4.47415	2.68643
-4.4561	2.72748
-4.43778	2.76828
-4.41919	2.80885
-4.40033	2.84917
-4.3812	2.88926
-4.36181	2.92909
-4.34215	2.96868
-4.32223	3.00802
-4.30204	3.0471
-4.2816	3.08593
-4.2609	3.12451
-4.23994	3.16282
-4.21873	3.20087
-4.19726	3.23866
-4.17555	3.27618
-4.15358	3.31343
-4.13137	3.35041
-4.10891	3.38712
-4.08621	3.42356
-4.06326	3.45972
-4.04008	3.4956
-4.01666	3.5312
-3.993	3.56651
-3.9691	3.60154
-3.94498	3.63629
-3.92062	3.67075
-3.89603	3.70491
-3.87122	3.73879
-3.84618	3.77237
-3.82092	3.80565
-3.79544	3.83864
-3.76974	3.87132
-3.74383	3.90371
-3.71769	3.93579
-3.69135	3.96756
-3.66479	3.99903
-3.63803	4.0302
-3.61106	4.06105
-3.58388	4.09159
-3.5565	4.12181
-3.52893	4.15172
-3.50115	4.18132
-3.47318	4.2106
-3.44501	4.23955
-3.41665	4.26819
-3.3881	4.29651
-3.35936	4.3245
-3.33044	4.35216
-3.30133	4.3795
-3.27205	4.40651
-3.24258	4.43319
-3.21294	4.45954
-3.18312	4.48555
-3.15313	4.51124
-3.12297	4.53659
-3.09265	4.5616
-3.06215	4.58627
-3.0315	4.61061
-3.00068	4.63461
-2.9697	4.65827
-2.93857	4.68158
-2.90728	4.70455
-2.87584	4.72718
-2.84425	4.74946
-2.81252	4.7714
-2.78064	4.79299
-2.74861	4.81423
-2.71645	4.83512
-2.68414	4.85567
-2.6517	4.87586
-2.61913	4.8957
-2.58643	4.91518
-2.5536	4.93432
-2.52064	4.9531
-2.48756	4.97152
-2.45435	4.98959
-2.42103	5.0073
-2.38759	5.02466
-2.35404	5.04166
-2.32037	5.0583
-2.28659	5.07458
-2.25271	5.0905
-2.21872	5.10605
-2.18463	5.12125
-2.15044	5.13609
-2.11615	5.15057
-2.08176	5.16468
-2.04729	5.17843
-2.01272	5.19181
-1.97806	5.20484
-1.94332	5.2175
-1.9085	5.22979
-1.87359	5.24172
-1.83861	5.25328
-1.80355	5.26448
-1.76842	5.27532
-1.73321	5.28578
-1.69794	5.29589
-1.6626	5.30562
-1.6272	5.31499
-1.59174	5.32399
-1.55621	5.33263
-1.52064	5.3409
-1.485	5.3488
-1.44932	5.35633
-1.41359	5.3635
-1.37781	5.3703
-1.34198	5.37673
-1.30612	5.3828
-1.27021	5.3885
-1.23427	5.39384
-1.1983	5.39881
-1.16229	5.40341
-1.12625	5.40764
-1.09019	5.41151
-1.0541	5.41501
-1.01799	5.41815
-0.981857	5.42093
-0.945709	5.42333
-0.909547	5.42538
-0.873372	5.42706
-0.837187	5.42837
-0.800994	5.42933
-0.764796	5.42992
-0.728596	5.43014
-0.692395	5.43001
-0.656197	5.42951
-0.620003	5.42865
-0.583816	5.42743
-0.547638	5.42586
-0.511472	5.42392
-0.47532	5.42162
-0.439184	5.41897
-0.403067	5.41596
-0.366972	5.41259
-0.3309	5.40886
-0.294855	5.40478
-0.258837	5.40035
-0.222851	5.39556
-0.186898	5.39042
-0.15098	5.38492
-0.115099	5.37908
-0.0792593	5.37288
-0.0434617	5.36633
-0.00770898	5.35944
0.0279967	5.3522
0.0636529	5.34461
0.0992573	5.33667
0.134808	5.32839
0.170302	5.31977
0.205737	5.3108
0.241112	5.30149
0.276423	5.29184
0.311669	5.28185
0.346847	5.27152
0.381955	5.26086
0.416991	5.24985
0.451952	5.23852
0.486837	5.22685
0.521643	5.21484
0.556367	5.20251
0.591009	5.18984
0.625565	5.17685
0.660033	5.16353
0.694411	5.14988
0.728697	5.13591
0.762889	5.12161
0.796984	5.10699
0.830981	5.09205
0.864878	5.07679
0.898671	5.06122
0.93236	5.04532
0.965942	5.02911
0.999414	5.01259
1.03278	4.99576
1.06602	4.97862
1.09916	4.96116
1.13217	4.9434
1.16507	4.92534
1.19784	4.90697
1.23049	4.8883
1.26302	4.86932
1.29542	4.85005
1.32769	4.83048
1.35982	4.81062
1.39183	4.79046
1.42369	4.77001
1.45543	4.74927
1.48702	4.72823
1.51847	4.70692
1.54978	4.68531
1.58094	4.66343
1.61195	4.64126
1.64282	4.61881
1.67354	4.59609
1.7041	4.57309
1.73451	4.54981
1.76477	4.52626
1.79486	4.50245
1.8248	4.47836
1.85457	4.45401
1.88418	4.42939
1.91363	4.40451
1.94291	4.37938
1.97202	4.35398
2.00096	4.32833
2.02973	4.30242
2.05833	4.27626
2.08675	4.24985
2.11499	4.22319
2.14306	4.19629
2.17094	4.16914
2.19864	4.14175
2.22616	4.11412
2.2535	4.08626
2.28065	4.05816
2.30761	4.02982
2.33438	4.00126
2.36096	3.97247
2.38734	3.94345
2.41354	3.91421
2.43953	3.88474
2.46533	3.85506
2.49093	3.82515
2.51633	3.79504
2.54153	3.76471
2.56653	3.73417
2.59132	3.70342
2.61591	3.67247
2.64029	3.64131
2.66446	3.60995
2.68842	3.5784
2.71217	3.54664
2.73571	3.5147
2.75903	3.48256
2.78214	3.45023
2.80503	3.41771
2.82771	3.38501
2.85017	3.35213
2.8724	3.31907
2.89442	3.28584
2.91622	3.25242
2.93779	3.21884
2.95913	3.18508
2.98025	3.15116
3.00115	3.11708
3.02181	3.08283
3.04225	3.04842
3.06246	3.01386
3.08244	2.97914
3.10218	2.94426
3.12169	2.90924
3.14097	2.87407
3.16001	2.83876
3.17882	2.8033
3.19739	2.76771
3.21572	2.73198
3.23382	2.69611
3.25167	2.66011
3.26928	2.62398
3.28666	2.58773
3.30379	2.55135
3.32068	2.51485
3.33732	2.47823
3.35372	2.4415
3.36987	2.40465
3.38578	2.36769
3.40144	2.33062
3.41685	2.29344
3.43202	2.25617
3.44694	2.21879
3.4616	2.18131
3.47602	2.14374
3.49019	2.10608
3.5041	2.06832
3.51776	2.03048
3.53117	1.99255
3.54433	1.95454
3.55723	1.91645
3.56988	1.87829
3.58228	1.84005
3.59442	1.80174
3.6063	1.76336
3.61793	1.72491
3.6293	1.6864
3.64041	1.64783
3.65127	1.6092
3.66187	1.57051
3.67221	1.53177
3.68229	1.49298
3.69212	1.45415
3.70168	1.41526
3.71099	1.37634
3.72003	1.33738
3.72882	1.29837
3.73734	1.25934
3.74561	1.22027
3.75361	1.18117
3.76136	1.14205
3.76884	1.1029
3.77606	1.06373
3.78302	1.02454
3.78972	0.985339
3.79616	0.946122
3.80234	0.906894
3.80825	0.867658
3.81391	0.828416
3.8193	0.789171
3.82443	0.749926
3.8293	0.710684
3.83391	0.671446
3.83825	0.632216
3.84234	0.592996
3.84616	0.553789
3.84972	0.514597
3.85302	0.475423
3.85606	0.43627
3.85884	0.397139
3.86135	0.358035
3.86361	0.318958
3.86561	0.279913
3.86734	0.240901
3.86882	0.201925
3.87004	0.162987
3.87099	0.12409
3.87169	0.0852369
3.87213	0.0464298
3.87231	0.00767132
3.87223	-0.031036
3.8719	-0.0696897
3.8713	-0.108287
3.87045	-0.146826
3.86934	-0.185304
3.86798	-0.223718
3.86636	-0.262066
3.86449	-0.300346
3.86236	-0.338554
3.85997	-0.376689
3.85733	-0.414748
3.85444	-0.452729
3.8513	-0.490629
3.8479	-0.528446
3.84425	-0.566177
3.84035	-0.60382
3.8362	-0.641373
3.8318	-0.678833
3.82715	-0.716198
3.82225	-0.753466
3.81711	-0.790633
3.81171	-0.827699
3.80607	-0.864659
3.80018	-0.901513
3.79405	-0.938258
3.78767	-0.974892
3.78105	-1.01141
3.77419	-1.04781
3.76708	-1.0841
3.75973	-1.12026
3.75214	-1.15631
3.74432	-1.19222
3.73625	-1.22801
3.72794	-1.26367
3.7194	-1.2992
3.71062	-1.3346
3.70161	-1.36985
3.69236	-1.40497
3.68287	-1.43995
3.67316	-1.47479
3.66321	-1.50948
3.65303	-1.54403
3.64262	-1.57843
3.63199	-1.61267
3.62112	-1.64676
3.61003	-1.6807
3.59871	-1.71448
3.58717	-1.7481
3.5754	-1.78156
3.56342	-1.81486
3.55121	-1.84799
3.53878	-1.88096
3.52613	-1.91375
3.51326	-1.94637
3.50018	-1.97882
3.48688	-2.0111
3.47336	-2.0432
3.45963	-2.07512
3.44569	-2.10686
3.43154	-2.13841
3.41718	-2.16978
3.40261	-2.20097
3.38784	-2.23197
3.37285	-2.26277
3.35767	-2.29339
3.34227	-2.32381
3.32668	-2.35404
3.31089	-2.38407
3.29489	-2.4139
3.2787	-2.44353
3.26231	-2.47295
3.24573	-2.50218
3.22895	-2.5312
3.21198	-2.56001
3.19482	-2.58861
3.17747	-2.617
3.15993	-2.64518
3.1422	-2.67314
3.12429	-2.70089
3.10619	-2.72843
3.08791	-2.75574
3.06945	-2.78284
3.0508	-2.80971
3.03198	-2.83636
3.01299	-2.86278
2.99381	-2.88898
2.97447	-2.91496
2.95495	-2.9407
2.93526	-2.96621
2.9154	-2.99149
2.89537	-3.01654
2.87518	-3.04136
2.85482	-3.06594
2.8343	-3.09028
2.81362	-3.11438
2.79278	-3.13824
2.77177	-3.16187
2.75062	-3.18525
2.72931	-3.20839
2.70784	-3.23128
2.68622	-3.25392
2.66445	-3.27632
2.64254	-3.29848
2.62048	-3.32038
2.59827	-3.34203
2.57592	-3.36343
2.55342	-3.38458
2.53079	-3.40547
2.50802	-3.42611
2.48511	-3.4465
2.46206	-3.46663
2.43889	-3.4865
2.41558	-3.50611
2.39214	-3.52546
2.36857	-3.54455
2.34488	-3.56338
2.32106	-3.58194
2.29712	-3.60024
2.27306	-3.61828
2.24888	-3.63606
2.22458	-3.65356
2.20016	-3.67081
2.17563	-3.68778
2.15099	-3.70448
2.12624	-3.72092
2.10138	-3.73709
2.07641	-3.75298
2.05134	-3.76861
2.02617	-3.78396
2.00089	-3.79904
1.97551	-3.81385
1.95004	-3.82838
1.92447	-3.84264
1.89881	-3.85662
1.87305	-3.87033
1.8472	-3.88376
1.82127	-3.89692
1.79524	-3.90979
1.76914	-3.92239
1.74295	-3.93472
1.71667	-3.94676
1.69032	-3.95853
1.66389	-3.97001
1.63739	-3.98122
1.61081	-3.99214
1.58416	-4.00279
1.55744	-4.01315
1.53065	-4.02323
1.5038	-4.03304
1.47688	-4.04255
1.4499	-4.05179
1.42286	-4.06075
1.39576	-4.06942
1.3686	-4.07781
1.34139	-4.08592
1.31412	-4.09374
1.2868	-4.10128
1.25944	-4.10854
1.23202	-4.11552
1.20456	-4.12221
1.17706	-4.12862
1.14952	-4.13474
1.12193	-4.14058
1.09431	-4.14614
1.06665	-4.15141
1.03896	-4.1564
1.01123	-4.16111
0.983477	-4.16553
0.955693	-4.16967
0.927882	-4.17352
0.900047	-4.1771
0.872189	-4.18038
0.844309	-4.18339
0.816411	-4.18612
0.788495	-4.18856
0.760564	-4.19072
0.732619	-4.19259
0.704663	-4.19419
0.676697	-4.1955
0.648724	-4.19653
0.620744	-4.19729
0.592761	-4.19776
0.564775	-4.19795
0.536789	-4.19786
0.508804	-4.19749
0.480823	-4.19684
0.452847	-4.19591
0.424878	-4.19471
0.396918	-4.19323
0.368969	-4.19146
0.341032	-4.18943
0.31311	-4.18711
0.285205	-4.18452
0.257317	-4.18166
0.22945	-4.17852
0.201604	-4.17511
0.173782	-4.17142
0.145986	-4.16746
0.118217	-4.16323
0.090477	-4.15872
0.0627679	-4.15394
0.0350916	-4.1489
0.00744987	-4.14358
-0.0201556	-4.138
-0.0477229	-4.13215
-0.0752502	-4.12603
-0.102736	-4.11964
-0.130178	-4.11299
-0.157575	-4.10607
-0.184925	-4.09888
-0.212226	-4.09144
-0.239477	-4.08373
-0.266675	-4.07576
-0.29382	-4.06753
-0.320909	-4.05904
-0.34794	-4.05029
-0.374912	-4.04128
-0.401823	-4.03201
-0.428671	-4.02249
-0.455456	-4.01271
-0.482174	-4.00268
-0.508824	-3.99239
-0.535405	-3.98186
-0.561915	-3.97107
-0.588352	-3.96003
-0.614715	-3.94874
-0.641001	-3.93721
-0.66721	-3.92542
-0.69334	-3.91339
-0.719388	-3.90112
-0.745354	-3.8886
-0.771236	-3.87584
-0.797032	-3.86284
-0.82274	-3.8496
-0.848359	-3.83612
-0.873888	-3.82241
-0.899324	-3.80845
-0.924667	-3.79426
-0.949914	-3.77984
-0.975064	-3.76519
-1.00012	-3.7503
-1.02507	-3.73518
-1.04992	-3.71984
-1.07466	-3.70427
-1.09931	-3.68847
-1.12384	-3.67245
-1.14827	-3.6562
-1.17259	-3.63973
-1.1968	-3.62304
-1.2209	-3.60613
-1.24488	-3.58901
-1.26875	-3.57167
-1.29251	-3.55411
-1.31614	-3.53634
-1.33966	-3.51836
-1.36305	-3.50016
-1.38632	-3.48176
-1.40947	-3.46315
-1.4325	-3.44434
-1.4554	-3.42532
-1.47817	-3.4061
-1.50081	-3.38667
-1.52332	-3.36705
-1.54571	-3.34723
-1.56795	-3.32721
-1.59007	-3.307
-1.61205	-3.28659
-1.63389	-3.26599
-1.65559	-3.2452
-1.67716	-3.22423
-1.69858	-3.20306
-1.71987	-3.18171
-1.741	-3.16018
-1.762	-3.13847
-1.78285	-3.11657
-1.80355	-3.0945
-1.82411	-3.07225
-1.84452	-3.04983
-1.86477	-3.02723
-1.88488	-3.00446
-1.90483	-2.98152
-1.92463	-2.95841
-1.94428	-2.93514
-1.96377	-2.9117
-1.9831	-2.8881
-2.00228	-2.86434
-2.02129	-2.84042
-2.04015	-2.81634
-2.05884	-2.7921
-2.07738	-2.76772
-2.09574	-2.74318
-2.11395	-2.71849
-2.13199	-2.69365
-2.14987	-2.66866
-2.16757	-2.64353
-2.18511	-2.61826
-2.20248	-2.59285
-2.21968	-2.5673
-2.23671	-2.54161
-2.25357	-2.51579
-2.27026	-2.48983
-2.28677	-2.46374
-2.30311	-2.43753
-2.31927	-2.41118
-2.33526	-2.38471
-2.35106	-2.35812
-2.3667	-2.3314
-2.38215	-2.30457
-2.39742	-2.27762
-2.41252	-2.25055
-2.42743	-2.22337
-2.44216	-2.19607
-2.45671	-2.16867
-2.47108	-2.14115
-2.48526	-2.11354
-2.49926	-2.08581
-2.51307	-2.05799
-2.5267	-2.03006
-2.54014	-2.00204
-2.55339	-1.97392
-2.56646	-1.94571
-2.57933	-1.91741
-2.59202	-1.88901
-2.60452	-1.86053
-2.61683	-1.83196
-2.62895	-1.80331
-2.64087	-1.77457
-2.65261	-1.74576
-2.66415	-1.71687
-2.6755	-1.6879
-2.68665	-1.65886
-2.69762	-1.62974
-2.70838	-1.60056
-2.71896	-1.57131
-2.72933	-1.54199
-2.73952	-1.51261
-2.7495	-1.48317
-2.75929	-1.45367
-2.76889	-1.42411
-2.77828	-1.39449
-2.78748	-1.36482
-2.79648	-1.3351
-2.80528	-1.30533
-2.81388	-1.27552
-2.82229	-1.24565
-2.83049	-1.21575
-2.8385	-1.1858
-2.8463	-1.15582
-2.85391	-1.1258
-2.86131	-1.09574
-2.86852	-1.06565
-2.87552	-1.03553
-2.88232	-1.00538
-2.88893	-0.975201
-2.89533	-0.944999
-2.90153	-0.914775
-2.90752	-0.88453
-2.91332	-0.854266
-2.91891	-0.823986
-2.92431	-0.793691
-2.9295	-0.763384
-2.93448	-0.733066
-2.93927	-0.70274
-2.94385	-0.672408
-2.94824	-0.642071
-2.95241	-0.611732
-2.95639	-0.581392
-2.96017	-0.551054
-2.96374	-0.52072
-2.96711	-0.490391
-2.97028	-0.460071
-2.97324	-0.42976
-2.97601	-0.39946
-2.97857	-0.369175
-2.98093	-0.338905
-2.98309	-0.308653
-2.98505	-0.278421
-2.9868	-0.24821
-2.98836	-0.218024
-2.98971	-0.187863
-2.99086	-0.157729
-2.99181	-0.127625
-2.99256	-0.0975532
-2.99311	-0.0675147
-2.99346	-0.0375116
-2.99361	-0.00754603
-2.99356	0.0223801
-2.99331	0.0522649
-2.99287	0.0821064
-2.99222	0.111903
-2.99137	0.141652
-2.99033	0.171352
-2.98909	0.201001
-2.98765	0.230597
-2.98602	0.260138
-2.98418	0.289623
-2.98215	0.319049
-2.97993	0.348415
-2.97751	0.377718
-2.97489	0.406957
-2.97208	0.43613
-2.96908	0.465235
-2.96588	0.49427
-2.96249	0.523234
-2.9589	0.552124
-2.95513	0.580939
-2.95116	0.609677
-2.947	0.638336
-2.94265	0.666914
-2.93811	0.69541
-2.93337	0.723821
-2.92845	0.752146
-2.92335	0.780384
-2.91805	0.808532
-2.91257	0.836588
-2.9069	0.864551
-2.90104	0.89242
-2.895	0.920192
-2.88877	0.947865
-2.88236	0.975439
-2.87576	1.00291
-2.86899	1.03028
-2.86203	1.05754
-2.85489	1.0847
-2.84756	1.11175
-2.84006	1.13869
-2.83238	1.16551
-2.82452	1.19222
-2.81649	1.21882
-2.80827	1.2453
-2.79988	1.27167
-2.79132	1.29791
-2.78258	1.32403
-2.77366	1.35003
-2.76458	1.3759
-2.75532	1.40165
-2.74589	1.42727
-2.73629	1.45276
-2.72652	1.47812
-2.71658	1.50335
-2.70647	1.52845
-2.6962	1.5534
-2.68576	1.57823
-2.67516	1.60291
-2.66439	1.62745
-2.65346	1.65186
-2.64237	1.67612
-2.63111	1.70023
-2.6197	1.72421
-2.60812	1.74803
-2.59639	1.77171
-2.5845	1.79523
-2.57245	1.81861
-2.56025	1.84183
-2.5479	1.8649
-2.53539	1.88782
-2.52273	1.91058
-2.50991	1.93318
-2.49695	1.95562
-2.48384	1.9779
-2.47058	2.00002
-2.45717	2.02198
-2.44362	2.04377
-2.42992	2.0654
-2.41608	2.08686
-2.4021	2.10816
-2.38797	2.12928
-2.37371	2.15024
-2.3593	2.17102
-2.34476	2.19163
-2.33008	2.21207
-2.31527	2.23234
-2.30032	2.25242
-2.28524	2.27233
-2.27002	2.29207
-2.25468	2.31162
-2.2392	2.331
-2.2236	2.35019
-2.20786	2.3692
-2.19201	2.38803
-2.17602	2.40667
-2.15992	2.42513
-2.14369	2.4434
-2.12734	2.46149
-2.11087	2.47939
-2.09428	2.4971
-2.07758	2.51461
-2.06075	2.53194
-2.04382	2.54908
-2.02677	2.56602
-2.0096	2.58277
-1.99233	2.59932
-1.97495	2.61568
-1.95746	2.63185
-1.93986	2.64781
-1.92215	2.66358
-1.90434	2.67915
-1.88643	2.69453
-1.86842	2.7097
-1.8503	2.72467
-1.83209	2.73944
-1.81378	2.754
-1.79537	2.76837
-1.77686	2.78253
-1.75827	2.79649
-1.73958	2.81024
-1.7208	2.82378
-1.70193	2.83712
-1.68297	2.85026
-1.66393	2.86318
-1.6448	2.8759
-1.62558	2.88841
-1.60628	2.90071
-1.58691	2.9128
-1.56745	2.92468
-1.54791	2.93635
-1.5283	2.94781
-1.50861	2.95905
-1.48884	2.97009
-1.46901	2.98091
-1.4491	2.99152
-1.42912	3.00191
-1.40907	3.01209
-1.38896	3.02206
-1.36878	3.03181
-1.34853	3.04135
-1.32823	3.05068
-1.30786	3.05978
-1.28743	3.06867
-1.26694	3.07735
-1.2464	3.08581
-1.2258	3.09405
-1.20515	3.10207
-1.18444	3.10988
-1.16368	3.11747
-1.14287	3.12484
-1.12202	3.13199
-1.10112	3.13893
-1.08017	3.14564
-1.05917	3.15214
-1.03814	3.15842
-1.01706	3.16448
-0.995946	3.17032
-0.974791	3.17595
-0.9536	3.18135
-0.932374	3.18653
-0.911114	3.1915
-0.889821	3.19625
-0.868498	3.20077
-0.847145	3.20508
-0.825764	3.20917
-0.804356	3.21304
-0.782924	3.21669
-0.761467	3.22012
-0.739989	3.22333
-0.71849	3.22632
-0.696972	3.2291
-0.675436	3.23165
-0.653884	3.23399
-0.632317	3.23611
-0.610736	3.238
-0.589144	3.23969
-0.567541	3.24115
-0.545929	3.24239
-0.52431	3.24342
-0.502684	3.24423
-0.481054	3.24482
-0.45942	3.2452
-0.437785	3.24536
-0.416149	3.2453
-0.394515	3.24503
-0.372883	3.24454
-0.351255	3.24383
-0.329632	3.24291
-0.308016	3.24178
-0.286409	3.24043
-0.264811	3.23886
-0.243224	3.23709
-0.22165	3.2351
-0.20009	3.23289
-0.178546	3.23048
-0.157018	3.22785
-0.135508	3.22501
-0.114018	3.22196
-0.092549	3.2187
-0.0711025	3.21523
-0.0496798	3.21155
-0.0282823	3.20766
-0.00691148	3.20356
0.0144313	3.19925
0.0357448	3.19474
0.0570274	3.19002
0.0782779	3.18509
0.0994949	3.17996
0.120677	3.17462
0.141823	3.16908
0.162931	3.16334
0.184	3.15739
0.205029	3.15124
0.226016	3.14488
0.24696	3.13833
0.26786	3.13158
0.288714	3.12462
0.309521	3.11747
0.33028	3.11012
0.350989	3.10257
0.371647	3.09483
0.392253	3.08688
0.412805	3.07875
0.433303	3.07042
0.453744	3.0619
0.474127	3.05318
0.494452	3.04427
0.514717	3.03517
0.534921	3.02588
0.555062	3.01641
0.575139	3.00674
0.595151	2.99689
0.615097	2.98684
0.634976	2.97662
0.654785	2.96621
0.674525	2.95561
0.694193	2.94484
0.713789	2.93388
0.733311	2.92274
0.752758	2.91142
0.772129	2.89992
0.791423	2.88824
0.810639	2.87639
0.829775	2.86436
0.84883	2.85215
0.867803	2.83978
0.886693	2.82723
0.905499	2.8145
0.924219	2.80161
0.942853	2.78855
0.9614	2.77532
0.979857	2.76192
0.998225	2.74836
1.0165	2.73463
1.03469	2.72073
1.05278	2.70668
1.07078	2.69246
1.08868	2.67808
1.10648	2.66355
1.12419	2.64885
1.1418	2.634
1.15931	2.61899
1.17672	2.60383
1.19403	2.58851
1.21123	2.57305
1.22833	2.55743
1.24533	2.54166
1.26222	2.52574
1.27901	2.50968
1.29569	2.49347
1.31225	2.47712
1.32871	2.46062
1.34506	2.44398
1.3613	2.4272
1.37742	2.41029
1.39344	2.39323
1.40933	2.37604
1.42512	2.35871
1.44078	2.34124
1.45633	2.32365
1.47176	2.30592
1.48708	2.28806
1.50227	2.27008
1.51735	2.25197
1.5323	2.23373
1.54713	2.21536
1.56184	2.19688
1.57642	2.17827
1.59088	2.15954
1.60521	2.14069
1.61942	2.12173
1.6335	2.10265
1.64746	2.08345
1.66128	2.06414
1.67498	2.04472
1.68854	2.02519
1.70198	2.00555
1.71528	1.9858
1.72846	1.96595
1.7415	1.94599
1.7544	1.92593
1.76718	1.90577
1.77981	1.88551
1.79232	1.86515
1.80468	1.84469
1.81691	1.82413
1.829	1.80348
1.84096	1.78274
1.85277	1.76191
1.86445	1.74099
1.87599	1.71998
1.88738	1.69888
1.89864	1.6777
1.90975	1.65644
1.92072	1.63509
1.93155	1.61366
1.94224	1.59216
1.95278	1.57057
1.96318	1.54891
1.97343	1.52718
1.98354	1.50537
1.9935	1.4835
2.00332	1.46155
2.01299	1.43953
2.02252	1.41745
2.03189	1.3953
2.04112	1.37309
2.0502	1.35082
2.05913	1.32849
2.06791	1.3061
2.07654	1.28365
2.08503	1.26114
2.09336	1.23858
2.10154	1.21597
2.10957	1.19331
2.11745	1.1706
2.12518	1.14784
2.13276	1.12504
2.14018	1.10219
2.14745	1.07929
2.15457	1.05636
2.16154	1.03338
2.16835	1.01037
2.17501	0.987324
2.18151	0.96424
2.18787	0.941123
2.19406	0.917974
2.2001	0.894794
2.20599	0.871586
2.21173	0.848351
2.2173	0.82509
2.22273	0.801805
2.22799	0.778498
2.23311	0.75517
2.23806	0.731822
2.24286	0.708457
2.24751	0.685076
2.252	0.661681
2.25633	0.638273
2.26051	0.614853
2.26453	0.591423
2.26839	0.567986
2.2721	0.544541
2.27566	0.521092
2.27905	0.497639
2.28229	0.474184
2.28537	0.450729
2.2883	0.427275
2.29107	0.403824
2.29368	0.380378
2.29614	0.356937
2.29844	0.333504
2.30059	0.310079
2.30258	0.286665
2.30441	0.263264
2.30609	0.239876
2.30761	0.216503
2.30898	0.193147
2.31018	0.169809
2.31124	0.146491
2.31214	0.123194
2.31288	0.0999199
2.31347	0.0766703
2.3139	0.0534465
2.31418	0.0302501
2.31431	0.00708268
2.31428	-0.0160544
2.31409	-0.0391596
2.31376	-0.0622313
2.31326	-0.0852682
2.31262	-0.108269
2.31182	-0.131231
2.31087	-0.154155
2.30977	-0.177037
2.30851	-0.199877
2.3071	-0.222674
2.30554	-0.245425
2.30383	-0.26813
2.30196	-0.290786
2.29995	-0.313393
2.29779	-0.335949
2.29547	-0.358453
2.29301	-0.380902
2.29039	-0.403296
2.28763	-0.425634
2.28472	-0.447914
2.28166	-0.470134
2.27845	-0.492293
2.27509	-0.514389
2.27159	-0.536422
2.26794	-0.55839
2.26415	-0.580292
2.2602	-0.602125
2.25612	-0.62389
2.25189	-0.645583
2.24751	-0.667205
2.24299	-0.688754
2.23833	-0.710228
2.23352	-0.731626
2.22857	-0.752947
2.22348	-0.774189
2.21825	-0.795352
2.21288	-0.816433
2.20736	-0.837432
2.20171	-0.858347
2.19592	-0.879177
2.18999	-0.89992
2.18392	-0.920576
2.17772	-0.941143
2.17137	-0.96162
2.16489	-0.982006
2.15828	-1.0023
2.15153	-1.0225
2.14465	-1.0426
2.13763	-1.06261
2.13048	-1.08252
2.1232	-1.10233
2.11578	-1.12205
2.10824	-1.14166
2.10056	-1.16117
2.09275	-1.18057
2.08482	-1.19987
2.07676	-1.21907
2.06856	-1.23816
2.06025	-1.25714
2.0518	-1.27601
2.04323	-1.29477
2.03454	-1.31342
2.02572	-1.33196
2.01678	-1.35038
2.00772	-1.36869
1.99853	-1.38689
1.98923	-1.40496
1.9798	-1.42292
1.97025	-1.44076
1.96059	-1.45849
1.95081	-1.47609
1.94091	-1.49357
1.93089	-1.51092
1.92076	-1.52815
1.91052	-1.54526
1.90016	-1.56224
1.88969	-1.5791
1.87911	-1.59583
1.86841	-1.61242
1.85761	-1.62889
1.84669	-1.64523
1.83567	-1.66144
1.82454	-1.67752
1.8133	-1.69346
1.80196	-1.70927
1.79051	-1.72494
1.77896	-1.74048
1.76731	-1.75588
1.75555	-1.77114
1.74369	-1.78626
1.73173	-1.80125
1.71968	-1.81609
1.70752	-1.8308
1.69527	-1.84536
1.68292	-1.85978
1.67047	-1.87406
1.65793	-1.8882
1.64529	-1.90218
1.63257	-1.91603
1.61975	-1.92973
1.60684	-1.94328
1.59384	-1.95668
1.58075	-1.96994
1.56757	-1.98304
1.55431	-1.996
1.54096	-2.00881
1.52752	-2.02146
1.51401	-2.03397
1.50041	-2.04632
1.48672	-2.05852
1.47296	-2.07056
1.45912	-2.08245
1.44519	-2.09419
1.43119	-2.10577
1.41712	-2.1172
1.40296	-2.12847
1.38874	-2.13958
1.37444	-2.15054
1.36006	-2.16134
1.34562	-2.17198
1.3311	-2.18246
1.31652	-2.19278
1.30187	-2.20294
1.28715	-2.21294
1.27236	-2.22278
1.25751	-2.23246
1.2426	-2.24198
1.22762	-2.25133
1.21258	-2.26053
1.19748	-2.26956
1.18232	-2.27842
1.1671	-2.28713
1.15182	-2.29567
1.13649	-2.30404
1.1211	-2.31225
1.10566	-2.3203
1.09017	-2.32818
1.07462	-2.33589
1.05902	-2.34344
1.04337	-2.35082
1.02768	-2.35804
1.01193	-2.36509
0.996144	-2.37197
0.980308	-2.37869
0.964428	-2.38523
0.948505	-2.39161
0.932541	-2.39783
0.916535	-2.40387
0.900489	-2.40975
0.884405	-2.41545
0.868284	-2.42099
0.852126	-2.42636
0.835933	-2.43157
0.819705	-2.4366
0.803445	-2.44146
0.787153	-2.44616
0.77083	-2.45068
0.754477	-2.45504
0.738096	-2.45923
0.721688	-2.46324
0.705254	-2.46709
0.688794	-2.47077
0.67231	-2.47428
0.655804	-2.47762
0.639276	-2.48079
0.622727	-2.48379
0.606159	-2.48662
0.589573	-2.48928
0.572969	-2.49177
0.556349	-2.49409
0.539715	-2.49625
0.523066	-2.49823
0.506405	-2.50005
0.489733	-2.50169
0.47305	-2.50317
0.456358	-2.50448
0.439657	-2.50562
0.42295	-2.50659
0.406236	-2.50739
0.389518	-2.50803
0.372796	-2.5085
0.356072	-2.5088
0.339346	-2.50893
0.32262	-2.50889
0.305895	-2.50869
0.289171	-2.50832
0.272451	-2.50778
0.255734	-2.50708
0.239023	-2.50621
0.222319	-2.50518
0.205621	-2.50398
0.188933	-2.50261
0.172254	-2.50108
0.155585	-2.49939
0.138929	-2.49753
0.122285	-2.49551
0.105656	-2.49332
0.0890412	-2.49097
0.072443	-2.48846
0.0558621	-2.48579
0.0392995	-2.48295
0.0227565	-2.47995
0.00623389	-2.47679
-0.0102671	-2.47347
-0.0267454	-2.46999
-0.0431999	-2.46635
-0.0596297	-2.46255
-0.0760336	-2.45859
-0.0924105	-2.45447
-0.10876	-2.4502
-0.125079	-2.44576
-0.141369	-2.44117
-0.157628	-2.43643
-0.173855	-2.43152
-0.190048	-2.42647
-0.206207	-2.42125
-0.222331	-2.41589
-0.238419	-2.41036
-0.254469	-2.40469
-0.270481	-2.39886
-0.286453	-2.39288
-0.302386	-2.38675
-0.318276	-2.38047
-0.334125	-2.37404
-0.34993	-2.36746
-0.365691	-2.36073
-0.381406	-2.35385
-0.397075	-2.34682
-0.412697	-2.33965
-0.42827	-2.33233
-0.443794	-2.32486
-0.459268	-2.31725
-0.47469	-2.3095
-0.490061	-2.3016
-0.505378	-2.29356
-0.520641	-2.28538
-0.53585	-2.27705
-0.551002	-2.26859
-0.566097	-2.25999
-0.581135	-2.25124
-0.596113	-2.24236
-0.611032	-2.23334
-0.625891	-2.22418
-0.640688	-2.21489
-0.655423	-2.20546
-0.670094	-2.1959
-0.684701	-2.18621
-0.699243	-2.17638
-0.713719	-2.16642
-0.728128	-2.15633
-0.74247	-2.14611
