# Tiempo	Posicion
# m = 3 kg, k = 0.5 N/m, c = 0.2 Ns/m
# x0 = 0 m, v0 = 5 m/s
# t0 = 0 s, tf = 55 s, dt = 0.02 s
# Sistema: Oscilador armonico amortiguado LINEAL
0	0
0.02	0.0999323
0.04	0.199725
0.06	0.299371
0.08	0.398864
0.1	0.498199
0.12	0.597367
0.14	0.696364
0.16	0.795183
0.18	0.893817
0.2	0.992259
0.22	1.09051
0.24	1.18855
0.26	1.28638
0.28	1.384
0.3	1.48139
0.32	1.57856
0.34	1.67549
0.36	1.77218
0.38	1.86862
0.4	1.96481
0.42	2.06074
0.44	2.15641
0.46	2.2518
0.48	2.34692
0.5	2.44175
0.52	2.5363
0.54	2.63055
0.56	2.7245
0.58	2.81814
0.6	2.91147
0.62	3.00449
0.64	3.09717
0.66	3.18953
0.68	3.28155
0.7	3.37324
0.72	3.46457
0.74	3.55555
0.76	3.64618
0.78	3.73644
0.8	3.82633
0.82	3.91584
0.84	4.00498
0.86	4.09373
0.88	4.18209
0.9	4.27005
0.92	4.35762
0.94	4.44477
0.96	4.53151
0.98	4.61784
1	4.70374
1.02	4.78922
1.04	4.87426
1.06	4.95886
1.08	5.04302
1.1	5.12673
1.12	5.20999
1.14	5.29279
1.16	5.37513
1.18	5.457
1.2	5.5384
1.22	5.61932
1.24	5.69976
1.26	5.77971
1.28	5.85917
1.3	5.93813
1.32	6.01659
1.34	6.09455
1.36	6.172
1.38	6.24893
1.4	6.32535
1.42	6.40124
1.44	6.4766
1.46	6.55143
1.48	6.62573
1.5	6.69948
1.52	6.77269
1.54	6.84535
1.56	6.91746
1.58	6.98901
1.6	7.06
1.62	7.13043
1.64	7.20029
1.66	7.26957
1.68	7.33828
1.7	7.4064
1.72	7.47395
1.74	7.5409
1.76	7.60726
1.78	7.67303
1.8	7.7382
1.82	7.80277
1.84	7.86673
1.86	7.93008
1.88	7.99282
1.9	8.05494
1.92	8.11645
1.94	8.17733
1.96	8.23758
1.98	8.29721
2	8.3562
2.02	8.41456
2.04	8.47228
2.06	8.52936
2.08	8.58579
2.1	8.64158
2.12	8.69672
2.14	8.7512
2.16	8.80503
2.18	8.8582
2.2	8.91071
2.22	8.96255
2.24	9.01373
2.26	9.06424
2.28	9.11408
2.3	9.16325
2.32	9.21174
2.34	9.25955
2.36	9.30668
2.38	9.35313
2.4	9.39889
2.42	9.44397
2.44	9.48835
2.46	9.53205
2.48	9.57505
2.5	9.61736
2.52	9.65897
2.54	9.69988
2.56	9.74009
2.58	9.7796
2.6	9.8184
2.62	9.8565
2.64	9.89389
2.66	9.93057
2.68	9.96654
2.7	10.0018
2.72	10.0363
2.74	10.0702
2.76	10.1033
2.78	10.1357
2.8	10.1674
2.82	10.1983
2.84	10.2286
2.86	10.2581
2.88	10.2869
2.9	10.315
2.92	10.3423
2.94	10.3689
2.96	10.3948
2.98	10.42
3	10.4444
3.02	10.4681
3.04	10.4911
3.06	10.5134
3.08	10.5349
3.1	10.5557
3.12	10.5757
3.14	10.5951
3.16	10.6137
3.18	10.6315
3.2	10.6487
3.22	10.6651
3.24	10.6807
3.26	10.6957
3.28	10.7099
3.3	10.7234
3.32	10.7361
3.34	10.7481
3.36	10.7594
3.38	10.7699
3.4	10.7797
3.42	10.7888
3.44	10.7972
3.46	10.8048
3.48	10.8117
3.5	10.8178
3.52	10.8233
3.54	10.828
3.56	10.8319
3.58	10.8352
3.6	10.8377
3.62	10.8395
3.64	10.8406
3.66	10.8409
3.68	10.8406
3.7	10.8395
3.72	10.8377
3.74	10.8351
3.76	10.8319
3.78	10.8279
3.8	10.8232
3.82	10.8178
3.84	10.8117
3.86	10.8049
3.88	10.7973
3.9	10.7891
3.92	10.7801
3.94	10.7704
3.96	10.7601
3.98	10.749
4	10.7372
4.02	10.7248
4.04	10.7116
4.06	10.6977
4.08	10.6832
4.1	10.6679
4.12	10.652
4.14	10.6354
4.16	10.618
4.18	10.6
4.2	10.5813
4.22	10.562
4.24	10.5419
4.26	10.5212
4.28	10.4998
4.3	10.4778
4.32	10.455
4.34	10.4316
4.36	10.4076
4.38	10.3829
4.4	10.3575
4.42	10.3315
4.44	10.3048
4.46	10.2774
4.48	10.2494
4.5	10.2208
4.52	10.1915
4.54	10.1616
4.56	10.131
4.58	10.0999
4.6	10.068
4.62	10.0356
4.64	10.0025
4.66	9.96882
4.68	9.9345
4.7	9.89957
4.72	9.86403
4.74	9.82787
4.76	9.79111
4.78	9.75375
4.8	9.71579
4.82	9.67722
4.84	9.63807
4.86	9.59833
4.88	9.558
4.9	9.51708
4.92	9.47559
4.94	9.43352
4.96	9.39088
4.98	9.34767
5	9.30389
5.02	9.25955
5.04	9.21466
5.06	9.16921
5.08	9.12321
5.1	9.07666
5.12	9.02958
5.14	8.98195
5.16	8.93379
5.18	8.88509
5.2	8.83587
5.22	8.78613
5.24	8.73587
5.26	8.68509
5.28	8.6338
5.3	8.582
5.32	8.52971
5.34	8.47691
5.36	8.42362
5.38	8.36984
5.4	8.31557
5.42	8.26082
5.44	8.20559
5.46	8.1499
5.48	8.09373
5.5	8.03709
5.52	7.98
5.54	7.92245
5.56	7.86445
5.58	7.80601
5.6	7.74712
5.62	7.68779
5.64	7.62804
5.66	7.56785
5.68	7.50724
5.7	7.44621
5.72	7.38476
5.74	7.32291
5.76	7.26064
5.78	7.19798
5.8	7.13492
5.82	7.07147
5.84	7.00764
5.86	6.94342
5.88	6.87883
5.9	6.81386
5.92	6.74853
5.94	6.68283
5.96	6.61677
5.98	6.55037
6	6.48361
6.02	6.41651
6.04	6.34908
6.06	6.28131
6.08	6.21321
6.1	6.14479
6.12	6.07605
6.14	6.007
6.16	5.93764
6.18	5.86797
6.2	5.79801
6.22	5.72776
6.24	5.65721
6.26	5.58639
6.28	5.51529
6.3	5.44391
6.32	5.37227
6.34	5.30036
6.36	5.2282
6.38	5.15578
6.4	5.08312
6.42	5.01021
6.44	4.93707
6.46	4.8637
6.48	4.7901
6.5	4.71628
6.52	4.64225
6.54	4.568
6.56	4.49355
6.58	4.4189
6.6	4.34405
6.62	4.26901
6.64	4.19379
6.66	4.11839
6.68	4.04282
6.7	3.96707
6.72	3.89117
6.74	3.8151
6.76	3.73889
6.78	3.66252
6.8	3.58602
6.82	3.50937
6.84	3.4326
6.86	3.3557
6.88	3.27867
6.9	3.20153
6.92	3.12428
6.94	3.04693
6.96	2.96948
6.98	2.89193
7	2.81429
7.02	2.73657
7.04	2.65877
7.06	2.58089
7.08	2.50295
7.1	2.42494
7.12	2.34688
7.14	2.26876
7.16	2.1906
7.18	2.1124
7.2	2.03416
7.22	1.95588
7.24	1.87759
7.26	1.79927
7.28	1.72093
7.3	1.64259
7.32	1.56424
7.34	1.48589
7.36	1.40754
7.38	1.32921
7.4	1.25089
7.42	1.1726
7.44	1.09432
7.46	1.01609
7.48	0.937883
7.5	0.859722
7.52	0.781608
7.54	0.703546
7.56	0.625541
7.58	0.547598
7.6	0.469723
7.62	0.39192
7.64	0.314195
7.66	0.236552
7.68	0.158997
7.7	0.0815351
7.72	0.00417074
7.74	-0.0730908
7.76	-0.150245
7.78	-0.227286
7.8	-0.304209
7.82	-0.381009
7.84	-0.457682
7.86	-0.534222
7.88	-0.610624
7.9	-0.686884
7.92	-0.762997
7.94	-0.838957
7.96	-0.91476
7.98	-0.990402
8	-1.06588
8.02	-1.14118
8.04	-1.21631
8.06	-1.29125
8.08	-1.36601
8.1	-1.44058
8.12	-1.51495
8.14	-1.58913
8.16	-1.6631
8.18	-1.73686
8.2	-1.8104
8.22	-1.88373
8.24	-1.95683
8.26	-2.02971
8.28	-2.10235
8.3	-2.17476
8.32	-2.24692
8.34	-2.31884
8.36	-2.39051
8.38	-2.46193
8.4	-2.53308
8.42	-2.60397
8.44	-2.6746
8.46	-2.74495
8.48	-2.81502
8.5	-2.88482
8.52	-2.95433
8.54	-3.02355
8.56	-3.09247
8.58	-3.1611
8.6	-3.22942
8.62	-3.29744
8.64	-3.36515
8.66	-3.43255
8.68	-3.49963
8.7	-3.56638
8.72	-3.63281
8.74	-3.6989
8.76	-3.76467
8.78	-3.83009
8.8	-3.89517
8.82	-3.95991
8.84	-4.02429
8.86	-4.08832
8.88	-4.152
8.9	-4.21531
8.92	-4.27826
8.94	-4.34083
8.96	-4.40304
8.98	-4.46487
9	-4.52632
9.02	-4.58738
9.04	-4.64806
9.06	-4.70835
9.08	-4.76825
9.1	-4.82774
9.12	-4.88684
9.14	-4.94553
9.16	-5.00381
9.18	-5.06169
9.2	-5.11915
9.22	-5.17619
9.24	-5.23281
9.26	-5.289
9.28	-5.34477
9.3	-5.40011
9.32	-5.45502
9.34	-5.50949
9.36	-5.56351
9.38	-5.6171
9.4	-5.67024
9.42	-5.72293
9.44	-5.77517
9.46	-5.82696
9.48	-5.87829
9.5	-5.92916
9.52	-5.97956
9.54	-6.0295
9.56	-6.07898
9.58	-6.12798
9.6	-6.17651
9.62	-6.22456
9.64	-6.27213
9.66	-6.31922
9.68	-6.36583
9.7	-6.41195
9.72	-6.45759
9.74	-6.50273
9.76	-6.54738
9.78	-6.59153
9.8	-6.63519
9.82	-6.67834
9.84	-6.72099
9.86	-6.76314
9.88	-6.80478
9.9	-6.84592
9.92	-6.88654
9.94	-6.92665
9.96	-6.96624
9.98	-7.00532
10	-7.04387
10.02	-7.08191
10.04	-7.11943
10.06	-7.15642
10.08	-7.19288
10.1	-7.22882
10.12	-7.26423
10.14	-7.2991
10.16	-7.33344
10.18	-7.36725
10.2	-7.40053
10.22	-7.43326
10.24	-7.46546
10.26	-7.49712
10.28	-7.52823
10.3	-7.5588
10.32	-7.58883
10.34	-7.61831
10.36	-7.64725
10.38	-7.67564
10.4	-7.70347
10.42	-7.73076
10.44	-7.7575
10.46	-7.78368
10.48	-7.80931
10.5	-7.83439
10.52	-7.85891
10.54	-7.88287
10.56	-7.90628
10.58	-7.92913
10.6	-7.95142
10.62	-7.97315
10.64	-7.99432
10.66	-8.01493
10.68	-8.03498
10.7	-8.05447
10.72	-8.07339
10.74	-8.09176
10.76	-8.10955
10.78	-8.12679
10.8	-8.14346
10.82	-8.15956
10.84	-8.1751
10.86	-8.19007
10.88	-8.20448
10.9	-8.21833
10.92	-8.2316
10.94	-8.24431
10.96	-8.25646
10.98	-8.26804
11	-8.27905
11.02	-8.28949
11.04	-8.29937
11.06	-8.30869
11.08	-8.31744
11.1	-8.32562
11.12	-8.33323
11.14	-8.34028
11.16	-8.34677
11.18	-8.35269
11.2	-8.35805
11.22	-8.36284
11.24	-8.36707
11.26	-8.37074
11.28	-8.37384
11.3	-8.37638
11.32	-8.37836
11.34	-8.37978
11.36	-8.38064
11.38	-8.38094
11.4	-8.38068
11.42	-8.37986
11.44	-8.37849
11.46	-8.37656
11.48	-8.37407
11.5	-8.37103
11.52	-8.36744
11.54	-8.36329
11.56	-8.35859
11.58	-8.35334
11.6	-8.34755
11.62	-8.3412
11.64	-8.3343
11.66	-8.32686
11.68	-8.31888
11.7	-8.31035
11.72	-8.30128
11.74	-8.29167
11.76	-8.28151
11.78	-8.27082
11.8	-8.2596
11.82	-8.24784
11.84	-8.23554
11.86	-8.22271
11.88	-8.20935
11.9	-8.19547
11.92	-8.18105
11.94	-8.16611
11.96	-8.15064
11.98	-8.13466
12	-8.11815
12.02	-8.10112
12.04	-8.08358
12.06	-8.06552
12.08	-8.04694
12.1	-8.02786
12.12	-8.00827
12.14	-7.98816
12.16	-7.96756
12.18	-7.94645
12.2	-7.92484
12.22	-7.90273
12.24	-7.88012
12.26	-7.85702
12.28	-7.83342
12.3	-7.80934
12.32	-7.78477
12.34	-7.75971
12.36	-7.73416
12.38	-7.70814
12.4	-7.68164
12.42	-7.65466
12.44	-7.6272
12.46	-7.59928
12.48	-7.57089
12.5	-7.54202
12.52	-7.5127
12.54	-7.48291
12.56	-7.45267
12.58	-7.42197
12.6	-7.39081
12.62	-7.35921
12.64	-7.32715
12.66	-7.29466
12.68	-7.26171
12.7	-7.22833
12.72	-7.19451
12.74	-7.16026
12.76	-7.12558
12.78	-7.09046
12.8	-7.05492
12.82	-7.01896
12.84	-6.98258
12.86	-6.94579
12.88	-6.90857
12.9	-6.87095
12.92	-6.83292
12.94	-6.79449
12.96	-6.75565
12.98	-6.71642
13	-6.67679
13.02	-6.63677
13.04	-6.59636
13.06	-6.55556
13.08	-6.51439
13.1	-6.47283
13.12	-6.4309
13.14	-6.38859
13.16	-6.34592
13.18	-6.30288
13.2	-6.25947
13.22	-6.21571
13.24	-6.17159
13.26	-6.12712
13.28	-6.0823
13.3	-6.03714
13.32	-5.99163
13.34	-5.94578
13.36	-5.8996
13.38	-5.85309
13.4	-5.80625
13.42	-5.75909
13.44	-5.7116
13.46	-5.6638
13.48	-5.61568
13.5	-5.56726
13.52	-5.51852
13.54	-5.46949
13.56	-5.42015
13.58	-5.37052
13.6	-5.3206
13.62	-5.27039
13.64	-5.2199
13.66	-5.16913
13.68	-5.11808
13.7	-5.06675
13.72	-5.01516
13.74	-4.9633
13.76	-4.91118
13.78	-4.8588
13.8	-4.80617
13.82	-4.75329
13.84	-4.70016
13.86	-4.64679
13.88	-4.59318
13.9	-4.53934
13.92	-4.48527
13.94	-4.43097
13.96	-4.37644
13.98	-4.3217
14	-4.26674
14.02	-4.21157
14.04	-4.1562
14.06	-4.10062
14.08	-4.04484
14.1	-3.98887
14.12	-3.93271
14.14	-3.87635
14.16	-3.81982
14.18	-3.76311
14.2	-3.70622
14.22	-3.64916
14.24	-3.59193
14.26	-3.53454
14.28	-3.47699
14.3	-3.41929
14.32	-3.36143
14.34	-3.30343
14.36	-3.24529
14.38	-3.18701
14.4	-3.12859
14.42	-3.07004
14.44	-3.01136
14.46	-2.95257
14.48	-2.89365
14.5	-2.83462
14.52	-2.77548
14.54	-2.71623
14.56	-2.65689
14.58	-2.59744
14.6	-2.5379
14.62	-2.47827
14.64	-2.41855
14.66	-2.35876
14.68	-2.29888
14.7	-2.23893
14.72	-2.17892
14.74	-2.11884
14.76	-2.05869
14.78	-1.99849
14.8	-1.93824
14.82	-1.87794
14.84	-1.81759
14.86	-1.7572
14.88	-1.69678
14.9	-1.63632
14.92	-1.57583
14.94	-1.51532
14.96	-1.45479
14.98	-1.39425
15	-1.33369
15.02	-1.27312
15.04	-1.21255
15.06	-1.15198
15.08	-1.09141
15.1	-1.03086
15.12	-0.970309
15.14	-0.909778
15.16	-0.849267
15.18	-0.78878
15.2	-0.728322
15.22	-0.667895
15.24	-0.607504
15.26	-0.547154
15.28	-0.486847
15.3	-0.426588
15.32	-0.366381
15.34	-0.30623
15.36	-0.246139
15.38	-0.186111
15.4	-0.126151
15.42	-0.0662621
15.44	-0.00644888
15.46	0.0532851
15.48	0.112936
15.5	0.1725
15.52	0.231973
15.54	0.291351
15.56	0.350631
15.58	0.409808
15.6	0.468879
15.62	0.527841
15.64	0.586688
15.66	0.645418
15.68	0.704027
15.7	0.762511
15.72	0.820866
15.74	0.879089
15.76	0.937175
15.78	0.995122
15.8	1.05293
15.82	1.11058
15.84	1.16809
15.86	1.22544
15.88	1.28263
15.9	1.33966
15.92	1.39653
15.94	1.45322
15.96	1.50975
15.98	1.5661
16	1.62227
16.02	1.67825
16.04	1.73405
16.06	1.78966
16.08	1.84508
16.1	1.9003
16.12	1.95532
16.14	2.01014
16.16	2.06474
16.18	2.11914
16.2	2.17333
16.22	2.2273
16.24	2.28105
16.26	2.33457
16.28	2.38787
16.3	2.44093
16.32	2.49377
16.34	2.54637
16.36	2.59872
16.38	2.65084
16.4	2.70271
16.42	2.75433
16.44	2.8057
16.46	2.85681
16.48	2.90766
16.5	2.95825
16.52	3.00858
16.54	3.05864
16.56	3.10843
16.58	3.15795
16.6	3.20719
16.62	3.25615
16.64	3.30483
16.66	3.35322
16.68	3.40133
16.7	3.44914
16.72	3.49666
16.74	3.54389
16.76	3.59081
16.78	3.63744
16.8	3.68376
16.82	3.72977
16.84	3.77547
16.86	3.82086
16.88	3.86594
16.9	3.9107
16.92	3.95514
16.94	3.99925
16.96	4.04304
16.98	4.0865
17	4.12963
17.02	4.17243
17.04	4.2149
17.06	4.25702
17.08	4.29881
17.1	4.34026
17.12	4.38136
17.14	4.42211
17.16	4.46252
17.18	4.50257
17.2	4.54227
17.22	4.58162
17.24	4.6206
17.26	4.65923
17.28	4.6975
17.3	4.7354
17.32	4.77294
17.34	4.8101
17.36	4.8469
17.38	4.88333
17.4	4.91938
17.42	4.95506
17.44	4.99035
17.46	5.02527
17.48	5.05981
17.5	5.09397
17.52	5.12774
17.54	5.16112
17.56	5.19411
17.58	5.22672
17.6	5.25893
17.62	5.29075
17.64	5.32218
17.66	5.35321
17.68	5.38384
17.7	5.41407
17.72	5.4439
17.74	5.47333
17.76	5.50235
17.78	5.53097
17.8	5.55918
17.82	5.58699
17.84	5.61438
17.86	5.64136
17.88	5.66794
17.9	5.6941
17.92	5.71984
17.94	5.74517
17.96	5.77009
17.98	5.79458
18	5.81866
18.02	5.84232
18.04	5.86555
18.06	5.88837
18.08	5.91076
18.1	5.93273
18.12	5.95427
18.14	5.97539
18.16	5.99608
18.18	6.01635
18.2	6.03619
18.22	6.0556
18.24	6.07457
18.26	6.09312
18.28	6.11124
18.3	6.12893
18.32	6.14619
18.34	6.16301
18.36	6.1794
18.38	6.19536
18.4	6.21088
18.42	6.22597
18.44	6.24062
18.46	6.25484
18.48	6.26862
18.5	6.28197
18.52	6.29488
18.54	6.30735
18.56	6.31939
18.58	6.33099
18.6	6.34215
18.62	6.35288
18.64	6.36317
18.66	6.37302
18.68	6.38243
18.7	6.3914
18.72	6.39994
18.74	6.40804
18.76	6.4157
18.78	6.42293
18.8	6.42971
18.82	6.43606
18.84	6.44197
18.86	6.44745
18.88	6.45248
18.9	6.45708
18.92	6.46125
18.94	6.46498
18.96	6.46827
18.98	6.47113
19	6.47355
19.02	6.47554
19.04	6.47709
19.06	6.47822
19.08	6.4789
19.1	6.47916
19.12	6.47898
19.14	6.47837
19.16	6.47733
19.18	6.47586
19.2	6.47397
19.22	6.47164
19.24	6.46888
19.26	6.4657
19.28	6.46209
19.3	6.45806
19.32	6.4536
19.34	6.44871
19.36	6.4434
19.38	6.43767
19.4	6.43152
19.42	6.42495
19.44	6.41796
19.46	6.41055
19.48	6.40273
19.5	6.39449
19.52	6.38583
19.54	6.37676
19.56	6.36728
19.58	6.35738
19.6	6.34708
19.62	6.33636
19.64	6.32524
19.66	6.31371
19.68	6.30178
19.7	6.28944
19.72	6.2767
19.74	6.26356
19.76	6.25001
19.78	6.23607
19.8	6.22174
19.82	6.207
19.84	6.19188
19.86	6.17636
19.88	6.16045
19.9	6.14415
19.92	6.12747
19.94	6.11039
19.96	6.09294
19.98	6.0751
20	6.05688
20.02	6.03828
20.04	6.0193
20.06	5.99995
20.08	5.98022
20.1	5.96012
20.12	5.93965
20.14	5.91882
20.16	5.89761
20.18	5.87604
20.2	5.85411
20.22	5.83182
20.24	5.80917
20.26	5.78616
20.28	5.7628
20.3	5.73908
20.32	5.71502
20.34	5.6906
20.36	5.66584
20.38	5.64074
20.4	5.61529
20.42	5.5895
20.44	5.56337
20.46	5.53691
20.48	5.51011
20.5	5.48299
20.52	5.45553
20.54	5.42775
20.56	5.39964
20.58	5.37121
20.6	5.34246
20.62	5.31339
20.64	5.28401
20.66	5.25431
20.68	5.22431
20.7	5.19399
20.72	5.16337
20.74	5.13245
20.76	5.10122
20.78	5.0697
20.8	5.03788
20.82	5.00577
20.84	4.97337
20.86	4.94068
20.88	4.9077
20.9	4.87445
20.92	4.84091
20.94	4.80709
20.96	4.773
20.98	4.73863
21	4.704
21.02	4.6691
21.04	4.63393
21.06	4.5985
21.08	4.56281
21.1	4.52687
21.12	4.49067
21.14	4.45422
21.16	4.41753
21.18	4.38058
21.2	4.3434
21.22	4.30598
21.24	4.26831
21.26	4.23042
21.28	4.19229
21.3	4.15393
21.32	4.11535
21.34	4.07655
21.36	4.03753
21.38	3.99828
21.4	3.95883
21.42	3.91916
21.44	3.87929
21.46	3.83921
21.48	3.79893
21.5	3.75845
21.52	3.71777
21.54	3.6769
21.56	3.63583
21.58	3.59458
21.6	3.55315
21.62	3.51154
21.64	3.46974
21.66	3.42777
21.68	3.38563
21.7	3.34332
21.72	3.30084
21.74	3.2582
21.76	3.2154
21.78	3.17244
21.8	3.12933
21.82	3.08606
21.84	3.04265
21.86	2.9991
21.88	2.9554
21.9	2.91156
21.92	2.86759
21.94	2.82348
21.96	2.77925
21.98	2.73489
22	2.69041
22.02	2.6458
22.04	2.60108
22.06	2.55625
22.08	2.5113
22.1	2.46625
22.12	2.4211
22.14	2.37584
22.16	2.33048
22.18	2.28503
22.2	2.23949
22.22	2.19386
22.24	2.14814
22.26	2.10235
22.28	2.05647
22.3	2.01052
22.32	1.96449
22.34	1.9184
22.36	1.87223
22.38	1.82601
22.4	1.77972
22.42	1.73338
22.44	1.68699
22.46	1.64054
22.48	1.59405
22.5	1.54751
22.52	1.50093
22.54	1.45432
22.56	1.40766
22.58	1.36098
22.6	1.31427
22.62	1.26753
22.64	1.22077
22.66	1.174
22.68	1.1272
22.7	1.08039
22.72	1.03358
22.74	0.986756
22.76	0.939929
22.78	0.893103
22.8	0.84628
22.82	0.799462
22.84	0.752654
22.86	0.705858
22.88	0.659077
22.9	0.612315
22.92	0.565574
22.94	0.518857
22.96	0.472169
22.98	0.425511
23	0.378887
23.02	0.3323
23.04	0.285753
23.06	0.239249
23.08	0.19279
23.1	0.146381
23.12	0.100024
23.14	0.0537223
23.16	0.00747854
23.18	-0.0387041
23.2	-0.0848227
23.22	-0.130874
23.24	-0.176856
23.26	-0.222764
23.28	-0.268596
23.3	-0.31435
23.32	-0.360021
23.34	-0.405608
23.36	-0.451107
23.38	-0.496515
23.4	-0.541829
23.42	-0.587047
23.44	-0.632166
23.46	-0.677183
23.48	-0.722094
23.5	-0.766898
23.52	-0.81159
23.54	-0.856169
23.56	-0.900632
23.58	-0.944975
23.6	-0.989197
23.62	-1.03329
23.64	-1.07726
23.66	-1.1211
23.68	-1.16481
23.7	-1.20838
23.72	-1.25181
23.74	-1.2951
23.76	-1.33824
23.78	-1.38124
23.8	-1.42409
23.82	-1.46679
23.84	-1.50933
23.86	-1.55172
23.88	-1.59394
23.9	-1.63601
23.92	-1.67791
23.94	-1.71964
23.96	-1.7612
23.98	-1.80259
24	-1.8438
24.02	-1.88484
24.04	-1.92569
24.06	-1.96636
24.08	-2.00685
24.1	-2.04715
24.12	-2.08726
24.14	-2.12718
24.16	-2.1669
24.18	-2.20642
24.2	-2.24575
24.22	-2.28487
24.24	-2.32379
24.26	-2.3625
24.28	-2.401
24.3	-2.43929
24.32	-2.47737
24.34	-2.51524
24.36	-2.55288
24.38	-2.5903
24.4	-2.62751
24.42	-2.66448
24.44	-2.70123
24.46	-2.73775
24.48	-2.77404
24.5	-2.8101
24.52	-2.84592
24.54	-2.88151
24.56	-2.91685
24.58	-2.95196
24.6	-2.98682
24.62	-3.02143
24.64	-3.0558
24.66	-3.08992
24.68	-3.12378
24.7	-3.1574
24.72	-3.19076
24.74	-3.22386
24.76	-3.2567
24.78	-3.28928
24.8	-3.3216
24.82	-3.35366
24.84	-3.38544
24.86	-3.41696
24.88	-3.44822
24.9	-3.4792
24.92	-3.5099
24.94	-3.54033
24.96	-3.57049
24.98	-3.60037
25	-3.62997
25.02	-3.65928
25.04	-3.68832
25.06	-3.71706
25.08	-3.74553
25.1	-3.7737
25.12	-3.80159
25.14	-3.82919
25.16	-3.85649
25.18	-3.8835
25.2	-3.91022
25.22	-3.93664
25.24	-3.96276
25.26	-3.98859
25.28	-4.01411
25.3	-4.03933
25.32	-4.06425
25.34	-4.08887
25.36	-4.11318
25.38	-4.13719
25.4	-4.16088
25.42	-4.18427
25.44	-4.20735
25.46	-4.23011
25.48	-4.25257
25.5	-4.27471
25.52	-4.29654
25.54	-4.31805
25.56	-4.33925
25.58	-4.36012
25.6	-4.38068
25.62	-4.40092
25.64	-4.42085
25.66	-4.44044
25.68	-4.45972
25.7	-4.47868
25.72	-4.49731
25.74	-4.51561
25.76	-4.5336
25.78	-4.55125
25.8	-4.56858
25.82	-4.58558
25.84	-4.60225
25.86	-4.6186
25.88	-4.63461
25.9	-4.6503
25.92	-4.66565
25.94	-4.68067
25.96	-4.69537
25.98	-4.70972
26	-4.72375
26.02	-4.73744
26.04	-4.7508
26.06	-4.76382
26.08	-4.77651
26.1	-4.78887
26.12	-4.80089
26.14	-4.81257
26.16	-4.82392
26.18	-4.83493
26.2	-4.8456
26.22	-4.85593
26.24	-4.86593
26.26	-4.87559
26.28	-4.88492
26.3	-4.8939
26.32	-4.90255
26.34	-4.91086
26.36	-4.91883
26.38	-4.92647
26.4	-4.93376
26.42	-4.94072
26.44	-4.94734
26.46	-4.95362
26.48	-4.95956
26.5	-4.96516
26.52	-4.97042
26.54	-4.97535
26.56	-4.97994
26.58	-4.98419
26.6	-4.9881
26.62	-4.99168
26.64	-4.99492
26.66	-4.99782
26.68	-5.00038
26.7	-5.00261
26.72	-5.0045
26.74	-5.00605
26.76	-5.00727
26.78	-5.00816
26.8	-5.00871
26.82	-5.00892
26.84	-5.0088
26.86	-5.00835
26.88	-5.00757
26.9	-5.00645
26.92	-5.005
26.94	-5.00322
26.96	-5.0011
26.98	-4.99866
27	-4.99589
27.02	-4.99279
27.04	-4.98936
27.06	-4.9856
27.08	-4.98151
27.1	-4.9771
27.12	-4.97236
27.14	-4.9673
27.16	-4.96192
27.18	-4.95621
27.2	-4.95017
27.22	-4.94382
27.24	-4.93714
27.26	-4.93015
27.28	-4.92283
27.3	-4.9152
27.32	-4.90725
27.34	-4.89899
27.36	-4.8904
27.38	-4.88151
27.4	-4.8723
27.42	-4.86278
27.44	-4.85295
27.46	-4.8428
27.48	-4.83235
27.5	-4.82159
27.52	-4.81052
27.54	-4.79915
27.56	-4.78747
27.58	-4.77549
27.6	-4.76321
27.62	-4.75062
27.64	-4.73774
27.66	-4.72456
27.68	-4.71108
27.7	-4.6973
27.72	-4.68323
27.74	-4.66887
27.76	-4.65422
27.78	-4.63927
27.8	-4.62404
27.82	-4.60851
27.84	-4.59271
27.86	-4.57661
27.88	-4.56023
27.9	-4.54358
27.92	-4.52664
27.94	-4.50942
27.96	-4.49192
27.98	-4.47415
28	-4.4561
28.02	-4.43778
28.04	-4.41919
28.06	-4.40033
28.08	-4.3812
28.1	-4.36181
28.12	-4.34215
28.14	-4.32223
28.16	-4.30204
28.18	-4.2816
28.2	-4.2609
28.22	-4.23994
28.24	-4.21873
28.26	-4.19726
28.28	-4.17555
28.3	-4.15358
28.32	-4.13137
28.34	-4.10891
28.36	-4.08621
28.38	-4.06326
28.4	-4.04008
28.42	-4.01666
28.44	-3.993
28.46	-3.9691
28.48	-3.94498
28.5	-3.92062
28.52	-3.89603
28.54	-3.87122
28.56	-3.84618
28.58	-3.82092
28.6	-3.79544
28.62	-3.76974
28.64	-3.74383
28.66	-3.71769
28.68	-3.69135
28.7	-3.66479
28.72	-3.63803
28.74	-3.61106
28.76	-3.58388
28.78	-3.5565
28.8	-3.52893
28.82	-3.50115
28.84	-3.47318
28.86	-3.44501
28.88	-3.41665
28.9	-3.3881
28.92	-3.35936
28.94	-3.33044
28.96	-3.30133
28.98	-3.27205
29	-3.24258
29.02	-3.21294
29.04	-3.18312
29.06	-3.15313
29.08	-3.12297
29.1	-3.09265
29.12	-3.06215
29.14	-3.0315
29.16	-3.00068
29.18	-2.9697
29.2	-2.93857
29.22	-2.90728
29.24	-2.87584
29.26	-2.84425
29.28	-2.81252
29.3	-2.78064
29.32	-2.74861
29.34	-2.71645
29.36	-2.68414
29.38	-2.6517
29.4	-2.61913
29.42	-2.58643
29.44	-2.5536
29.46	-2.52064
29.48	-2.48756
29.5	-2.45435
29.52	-2.42103
29.54	-2.38759
29.56	-2.35404
29.58	-2.32037
29.6	-2.28659
29.62	-2.25271
29.64	-2.21872
29.66	-2.18463
29.68	-2.15044
29.7	-2.11615
29.72	-2.08176
29.74	-2.04729
29.76	-2.01272
29.78	-1.97806
29.8	-1.94332
29.82	-1.9085
29.84	-1.87359
29.86	-1.83861
29.88	-1.80355
29.9	-1.76842
29.92	-1.73321
29.94	-1.69794
29.96	-1.6626
29.98	-1.6272
30	-1.59174
30.02	-1.55621
30.04	-1.52064
30.06	-1.485
30.08	-1.44932
30.1	-1.41359
30.12	-1.37781
30.14	-1.34198
30.16	-1.30612
30.18	-1.27021
30.2	-1.23427
30.22	-1.1983
30.24	-1.16229
30.26	-1.12625
30.28	-1.09019
30.3	-1.0541
30.32	-1.01799
30.34	-0.981857
30.36	-0.945709
30.38	-0.909547
30.4	-0.873372
30.42	-0.837187
30.44	-0.800994
30.46	-0.764796
30.48	-0.728596
30.5	-0.692395
30.52	-0.656197
30.54	-0.620003
30.56	-0.583816
30.58	-0.547638
30.6	-0.511472
30.62	-0.47532
30.64	-0.439184
30.66	-0.403067
30.68	-0.366972
30.7	-0.3309
30.72	-0.294855
30.74	-0.258837
30.76	-0.222851
30.78	-0.186898
30.8	-0.15098
30.82	-0.115099
30.84	-0.0792593
30.86	-0.0434617
30.88	-0.00770898
30.9	0.0279967
30.92	0.0636529
30.94	0.0992573
30.96	0.134808
30.98	0.170302
31	0.205737
31.02	0.241112
31.04	0.276423
31.06	0.311669
31.08	0.346847
31.1	0.381955
31.12	0.416991
31.14	0.451952
31.16	0.486837
31.18	0.521643
31.2	0.556367
31.22	0.591009
31.24	0.625565
31.26	0.660033
31.28	0.694411
31.3	0.728697
31.32	0.762889
31.34	0.796984
31.36	0.830981
31.38	0.864878
31.4	0.898671
31.42	0.93236
31.44	0.965942
31.46	0.999414
31.48	1.03278
31.5	1.06602
31.52	1.09916
31.54	1.13217
31.56	1.16507
31.58	1.19784
31.6	1.23049
31.62	1.26302
31.64	1.29542
31.66	1.32769
31.68	1.35982
31.7	1.39183
31.72	1.42369
31.74	1.45543
31.76	1.48702
31.78	1.51847
31.8	1.54978
31.82	1.58094
31.84	1.61195
31.86	1.64282
31.88	1.67354
31.9	1.7041
31.92	1.73451
31.94	1.76477
31.96	1.79486
31.98	1.8248
32	1.85457
32.02	1.88418
32.04	1.91363
32.06	1.94291
32.08	1.97202
32.1	2.00096
32.12	2.02973
32.14	2.05833
32.16	2.08675
32.18	2.11499
32.2	2.14306
32.22	2.17094
32.24	2.19864
32.26	2.22616
32.28	2.2535
32.3	2.28065
32.32	2.30761
32.34	2.33438
32.36	2.36096
32.38	2.38734
32.4	2.41354
32.42	2.43953
32.44	2.46533
32.46	2.49093
32.48	2.51633
32.5	2.54153
32.52	2.56653
32.54	2.59132
32.56	2.61591
32.58	2.64029
32.6	2.66446
32.62	2.68842
32.64	2.71217
32.66	2.73571
32.68	2.75903
32.7	2.78214
32.72	2.80503
32.74	2.82771
32.76	2.85017
32.78	2.8724
32.8	2.89442
32.82	2.91622
32.84	2.93779
32.86	2.95913
32.88	2.98025
32.9	3.00115
32.92	3.02181
32.94	3.04225
32.96	3.06246
32.98	3.08244
33	3.10218
33.02	3.12169
33.04	3.14097
33.06	3.16001
33.08	3.17882
33.1	3.19739
33.12	3.21572
33.14	3.23382
33.16	3.25167
33.18	3.26928
33.2	3.28666
33.22	3.30379
33.24	3.32068
33.26	3.33732
33.28	3.35372
33.3	3.36987
33.32	3.38578
33.34	3.40144
33.36	3.41685
33.38	3.43202
33.4	3.44694
33.42	3.4616
33.44	3.47602
33.46	3.49019
33.48	3.5041
33.5	3.51776
33.52	3.53117
33.54	3.54433
33.56	3.55723
33.58	3.56988
33.6	3.58228
33.62	3.59442
33.64	3.6063
33.66	3.61793
33.68	3.6293
33.7	3.64041
33.72	3.65127
33.74	3.66187
33.76	3.67221
33.78	3.68229
33.8	3.69212
33.82	3.70168
33.84	3.71099
33.86	3.72003
33.88	3.72882
33.9	3.73734
33.92	3.74561
33.94	3.75361
33.96	3.76136
33.98	3.76884
34	3.77606
34.02	3.78302
34.04	3.78972
34.06	3.79616
34.08	3.80234
34.1	3.80825
34.12	3.81391
34.14	3.8193
34.16	3.82443
34.18	3.8293
34.2	3.83391
34.22	3.83825
34.24	3.84234
34.26	3.84616
34.28	3.84972
34.3	3.85302
34.32	3.85606
34.34	3.85884
34.36	3.86135
34.38	3.86361
34.4	3.86561
34.42	3.86734
34.44	3.86882
34.46	3.87004
34.48	3.87099
34.5	3.87169
34.52	3.87213
34.54	3.87231
34.56	3.87223
34.58	3.8719
34.6	3.8713
34.62	3.87045
34.64	3.86934
34.66	3.86798
34.68	3.86636
34.7	3.86449
34.72	3.86236
34.74	3.85997
34.76	3.85733
34.78	3.85444
34.8	3.8513
34.82	3.8479
34.84	3.84425
34.86	3.84035
34.88	3.8362
34.9	3.8318
34.92	3.82715
34.94	3.82225
34.96	3.81711
34.98	3.81171
35	3.80607
35.02	3.80018
35.04	3.79405
35.06	3.78767
35.08	3.78105
35.1	3.77419
35.12	3.76708
35.14	3.75973
35.16	3.75214
35.18	3.74432
35.2	3.73625
35.22	3.72794
35.24	3.7194
35.26	3.71062
35.28	3.70161
35.3	3.69236
35.32	3.68287
35.34	3.67316
35.36	3.66321
35.38	3.65303
35.4	3.64262
35.42	3.63199
35.44	3.62112
35.46	3.61003
35.48	3.59871
35.5	3.58717
35.52	3.5754
35.54	3.56342
35.56	3.55121
35.58	3.53878
35.6	3.52613
35.62	3.51326
35.64	3.50018
35.66	3.48688
35.68	3.47336
35.7	3.45963
35.72	3.44569
35.74	3.43154
35.76	3.41718
35.78	3.40261
35.8	3.38784
35.82	3.37285
35.84	3.35767
35.86	3.34227
35.88	3.32668
35.9	3.31089
35.92	3.29489
35.94	3.2787
35.96	3.26231
35.98	3.24573
36	3.22895
36.02	3.21198
36.04	3.19482
36.06	3.17747
36.08	3.15993
36.1	3.1422
36.12	3.12429
36.14	3.10619
36.16	3.08791
36.18	3.06945
36.2	3.0508
36.22	3.03198
36.24	3.01299
36.26	2.99381
36.28	2.97447
36.3	2.95495
36.32	2.93526
36.34	2.9154
36.36	2.89537
36.38	2.87518
36.4	2.85482
36.42	2.8343
36.44	2.81362
36.46	2.79278
36.48	2.77177
36.5	2.75062
36.52	2.72931
36.54	2.70784
36.56	2.68622
36.58	2.66445
36.6	2.64254
36.62	2.62048
36.64	2.59827
36.66	2.57592
36.68	2.55342
36.7	2.53079
36.72	2.50802
36.74	2.48511
36.76	2.46206
36.78	2.43889
36.8	2.41558
36.82	2.39214
36.84	2.36857
36.86	2.34488
36.88	2.32106
36.9	2.29712
36.92	2.27306
36.94	2.24888
36.96	2.22458
36.98	2.20016
37	2.17563
37.02	2.15099
37.04	2.12624
37.06	2.10138
37.08	2.07641
37.1	2.05134
37.12	2.02617
37.14	2.00089
37.16	1.97551
37.18	1.95004
37.2	1.92447
37.22	1.89881
37.24	1.87305
37.26	1.8472
37.28	1.82127
37.3	1.79524
37.32	1.76914
37.34	1.74295
37.36	1.71667
37.38	1.69032
37.4	1.66389
37.42	1.63739
37.44	1.61081
37.46	1.58416
37.48	1.55744
37.5	1.53065
37.52	1.5038
37.54	1.47688
37.56	1.4499
37.58	1.42286
37.6	1.39576
37.62	1.3686
37.64	1.34139
37.66	1.31412
37.68	1.2868
37.7	1.25944
37.72	1.23202
37.74	1.20456
37.76	1.17706
37.78	1.14952
37.8	1.12193
37.82	1.09431
37.84	1.06665
37.86	1.03896
37.88	1.01123
37.9	0.983477
37.92	0.955693
37.94	0.927882
37.96	0.900047
37.98	0.872189
38	0.844309
38.02	0.816411
38.04	0.788495
38.06	0.760564
38.08	0.732619
38.1	0.704663
38.12	0.676697
38.14	0.648724
38.16	0.620744
38.18	0.592761
38.2	0.564775
38.22	0.536789
38.24	0.508804
38.26	0.480823
38.28	0.452847
38.3	0.424878
38.32	0.396918
38.34	0.368969
38.36	0.341032
38.38	0.31311
38.4	0.285205
38.42	0.257317
38.44	0.22945
38.46	0.201604
38.48	0.173782
38.5	0.145986
38.52	0.118217
38.54	0.090477
38.56	0.0627679
38.58	0.0350916
38.6	0.00744987
38.62	-0.0201556
38.64	-0.0477229
38.66	-0.0752502
38.68	-0.102736
38.7	-0.130178
38.72	-0.157575
38.74	-0.184925
38.76	-0.212226
38.78	-0.239477
38.8	-0.266675
38.82	-0.29382
38.84	-0.320909
38.86	-0.34794
38.88	-0.374912
38.9	-0.401823
38.92	-0.428671
38.94	-0.455456
38.96	-0.482174
38.98	-0.508824
39	-0.535405
39.02	-0.561915
39.04	-0.588352
39.06	-0.614715
39.08	-0.641001
39.1	-0.66721
39.12	-0.69334
39.14	-0.719388
39.16	-0.745354
39.18	-0.771236
39.2	-0.797032
39.22	-0.82274
39.24	-0.848359
39.26	-0.873888
39.28	-0.899324
39.3	-0.924667
39.32	-0.949914
39.34	-0.975064
39.36	-1.00012
39.38	-1.02507
39.4	-1.04992
39.42	-1.07466
39.44	-1.09931
39.46	-1.12384
39.48	-1.14827
39.5	-1.17259
39.52	-1.1968
39.54	-1.2209
39.56	-1.24488
39.58	-1.26875
39.6	-1.29251
39.62	-1.31614
39.64	-1.33966
39.66	-1.36305
39.68	-1.38632
39.7	-1.40947
39.72	-1.4325
39.74	-1.4554
39.76	-1.47817
39.78	-1.50081
39.8	-1.52332
39.82	-1.54571
39.84	-1.56795
39.86	-1.59007
39.88	-1.61205
39.9	-1.63389
39.92	-1.65559
39.94	-1.67716
39.96	-1.69858
39.98	-1.71987
40	-1.741
40.02	-1.762
40.04	-1.78285
40.06	-1.80355
40.08	-1.82411
40.1	-1.84452
40.12	-1.86477
40.14	-1.88488
40.16	-1.90483
40.18	-1.92463
40.2	-1.94428
40.22	-1.96377
40.24	-1.9831
40.26	-2.00228
40.28	-2.02129
40.3	-2.04015
40.32	-2.05884
40.34	-2.07738
40.36	-2.09574
40.38	-2.11395
40.4	-2.13199
40.42	-2.14987
40.44	-2.16757
40.46	-2.18511
40.48	-2.20248
40.5	-2.21968
40.52	-2.23671
40.54	-2.25357
40.56	-2.27026
40.58	-2.28677
40.6	-2.30311
40.62	-2.31927
40.64	-2.33526
40.66	-2.35106
40.68	-2.3667
40.7	-2.38215
40.72	-2.39742
40.74	-2.41252
40.76	-2.42743
40.78	-2.44216
40.8	-2.45671
40.82	-2.47108
40.84	-2.48526
40.86	-2.49926
40.88	-2.51307
40.9	-2.5267
40.92	-2.54014
40.94	-2.55339
40.96	-2.56646
40.98	-2.57933
41	-2.59202
41.02	-2.60452
41.04	-2.61683
41.06	-2.62895
41.08	-2.64087
41.1	-2.65261
41.12	-2.66415
41.14	-2.6755
41.16	-2.68665
41.18	-2.69762
41.2	-2.70838
41.22	-2.71896
41.24	-2.72933
41.26	-2.73952
41.28	-2.7495
41.3	-2.75929
41.32	-2.76889
41.34	-2.77828
41.36	-2.78748
41.38	-2.79648
41.4	-2.80528
41.42	-2.81388
41.44	-2.82229
41.46	-2.83049
41.48	-2.8385
41.5	-2.8463
41.52	-2.85391
41.54	-2.86131
41.56	-2.86852
41.58	-2.87552
41.6	-2.88232
41.62	-2.88893
41.64	-2.89533
41.66	-2.90153
41.68	-2.90752
41.7	-2.91332
41.72	-2.91891
41.74	-2.92431
41.76	-2.9295
41.78	-2.93448
41.8	-2.93927
41.82	-2.94385
41.84	-2.94824
41.86	-2.95241
41.88	-2.95639
41.9	-2.96017
41.92	-2.96374
41.94	-2.96711
41.96	-2.97028
41.98	-2.97324
42	-2.97601
42.02	-2.97857
42.04	-2.98093
42.06	-2.98309
42.08	-2.98505
42.1	-2.9868
42.12	-2.98836
42.14	-2.98971
42.16	-2.99086
42.18	-2.99181
42.2	-2.99256
42.22	-2.99311
42.24	-2.99346
42.26	-2.99361
42.28	-2.99356
42.3	-2.99331
42.32	-2.99287
42.34	-2.99222
42.36	-2.99137
42.38	-2.99033
42.4	-2.98909
42.42	-2.98765
42.44	-2.98602
42.46	-2.98418
42.48	-2.98215
42.5	-2.97993
42.52	-2.97751
42.54	-2.97489
42.56	-2.97208
42.58	-2.96908
42.6	-2.96588
42.62	-2.96249
42.64	-2.9589
42.66	-2.95513
42.68	-2.95116
42.7	-2.947
42.72	-2.94265
42.74	-2.93811
42.76	-2.93337
42.78	-2.92845
42.8	-2.92335
42.82	-2.91805
42.84	-2.91257
42.86	-2.9069
42.88	-2.90104
42.9	-2.895
42.92	-2.88877
42.94	-2.88236
42.96	-2.87576
42.98	-2.86899
43	-2.86203
43.02	-2.85489
43.04	-2.84756
43.06	-2.84006
43.08	-2.83238
43.1	-2.82452
43.12	-2.81649
43.14	-2.80827
43.16	-2.79988
43.18	-2.79132
43.2	-2.78258
43.22	-2.77366
43.24	-2.76458
43.26	-2.75532
43.28	-2.74589
43.3	-2.73629
43.32	-2.72652
43.34	-2.71658
43.36	-2.70647
43.38	-2.6962
43.4	-2.68576
43.42	-2.67516
43.44	-2.66439
43.46	-2.65346
43.48	-2.64237
43.5	-2.63111
43.52	-2.6197
43.54	-2.60812
43.56	-2.59639
43.58	-2.5845
43.6	-2.57245
43.62	-2.56025
43.64	-2.5479
43.66	-2.53539
43.68	-2.52273
43.7	-2.50991
43.72	-2.49695
43.74	-2.48384
43.76	-2.47058
43.78	-2.45717
43.8	-2.44362
43.82	-2.42992
43.84	-2.41608
43.86	-2.4021
43.88	-2.38797
43.9	-2.37371
43.92	-2.3593
43.94	-2.34476
43.96	-2.33008
43.98	-2.31527
44	-2.30032
44.02	-2.28524
44.04	-2.27002
44.06	-2.25468
44.08	-2.2392
44.1	-2.2236
44.12	-2.20786
44.14	-2.19201
44.16	-2.17602
44.18	-2.15992
44.2	-2.14369
44.22	-2.12734
44.24	-2.11087
44.26	-2.09428
44.28	-2.07758
44.3	-2.06075
44.32	-2.04382
44.34	-2.02677
44.36	-2.0096
44.38	-1.99233
44.4	-1.97495
44.42	-1.95746
44.44	-1.93986
44.46	-1.92215
44.48	-1.90434
44.5	-1.88643
44.52	-1.86842
44.54	-1.8503
44.56	-1.83209
44.58	-1.81378
44.6	-1.79537
44.62	-1.77686
44.64	-1.75827
44.66	-1.73958
44.68	-1.7208
44.7	-1.70193
44.72	-1.68297
44.74	-1.66393
44.76	-1.6448
44.78	-1.62558
44.8	-1.60628
44.82	-1.58691
44.84	-1.56745
44.86	-1.54791
44.88	-1.5283
44.9	-1.50861
44.92	-1.48884
44.94	-1.46901
44.96	-1.4491
44.98	-1.42912
45	-1.40907
45.02	-1.38896
45.04	-1.36878
45.06	-1.34853
45.08	-1.32823
45.1	-1.30786
45.12	-1.28743
45.14	-1.26694
45.16	-1.2464
45.18	-1.2258
45.2	-1.20515
45.22	-1.18444
45.24	-1.16368
45.26	-1.14287
45.28	-1.12202
45.3	-1.10112
45.32	-1.08017
45.34	-1.05917
45.36	-1.03814
45.38	-1.01706
45.4	-0.995946
45.42	-0.974791
45.44	-0.9536
45.46	-0.932374
45.48	-0.911114
45.5	-0.889821
45.52	-0.868498
45.54	-0.847145
45.56	-0.825764
45.58	-0.804356
45.6	-0.782924
45.62	-0.761467
45.64	-0.739989
45.66	-0.71849
45.68	-0.696972
45.7	-0.675436
45.72	-0.653884
45.74	-0.632317
45.76	-0.610736
45.78	-0.589144
45.8	-0.567541
45.82	-0.545929
45.84	-0.52431
45.86	-0.502684
45.88	-0.481054
45.9	-0.45942
45.92	-0.437785
45.94	-0.416149
45.96	-0.394515
45.98	-0.372883
46	-0.351255
46.02	-0.329632
46.04	-0.308016
46.06	-0.286409
46.08	-0.264811
46.1	-0.243224
46.12	-0.22165
46.14	-0.20009
46.16	-0.178546
46.18	-0.157018
46.2	-0.135508
46.22	-0.114018
46.24	-0.092549
46.26	-0.0711025
46.28	-0.0496798
46.3	-0.0282823
46.32	-0.00691148
46.34	0.0144313
46.36	0.0357448
46.38	0.0570274
46.4	0.0782779
46.42	0.0994949
46.44	0.120677
46.46	0.141823
46.48	0.162931
46.5	0.184
46.52	0.205029
46.54	0.226016
46.56	0.24696
46.58	0.26786
46.6	0.288714
46.62	0.309521
46.64	0.33028
46.66	0.350989
46.68	0.371647
46.7	0.392253
46.72	0.412805
46.74	0.433303
46.76	0.453744
46.78	0.474127
46.8	0.494452
46.82	0.514717
46.84	0.534921
46.86	0.555062
46.88	0.575139
46.9	0.595151
46.92	0.615097
46.94	0.634976
46.96	0.654785
46.98	0.674525
47	0.694193
47.02	0.713789
47.04	0.733311
47.06	0.752758
47.08	0.772129
47.1	0.791423
47.12	0.810639
47.14	0.829775
47.16	0.84883
47.18	0.867803
47.2	0.886693
47.22	0.905499
47.24	0.924219
47.26	0.942853
47.28	0.9614
47.3	0.979857
47.32	0.998225
47.34	1.0165
47.36	1.03469
47.38	1.05278
47.4	1.07078
47.42	1.08868
47.44	1.10648
47.46	1.12419
47.48	1.1418
47.5	1.15931
47.52	1.17672
47.54	1.19403
47.56	1.21123
47.58	1.22833
47.6	1.24533
47.62	1.26222
47.64	1.27901
47.66	1.29569
47.68	1.31225
47.7	1.32871
47.72	1.34506
47.74	1.3613
47.76	1.37742
47.78	1.39344
47.8	1.40933
47.82	1.42512
47.84	1.44078
47.86	1.45633
47.88	1.47176
47.9	1.48708
47.92	1.50227
47.94	1.51735
47.96	1.5323
47.98	1.54713
48	1.56184
48.02	1.57642
48.04	1.59088
48.06	1.60521
48.08	1.61942
48.1	1.6335
48.12	1.64746
48.14	1.66128
48.16	1.67498
48.18	1.68854
48.2	1.70198
48.22	1.71528
48.24	1.72846
48.26	1.7415
48.28	1.7544
48.3	1.76718
48.32	1.77981
48.34	1.79232
48.36	1.80468
48.38	1.81691
48.4	1.829
48.42	1.84096
48.44	1.85277
48.46	1.86445
48.48	1.87599
48.5	1.88738
48.52	1.89864
48.54	1.90975
48.56	1.92072
48.58	1.93155
48.6	1.94224
48.62	1.95278
48.64	1.96318
48.66	1.97343
48.68	1.98354
48.7	1.9935
48.72	2.00332
48.74	2.01299
48.76	2.02252
48.78	2.03189
48.8	2.04112
48.82	2.0502
48.84	2.05913
48.86	2.06791
48.88	2.07654
48.9	2.08503
48.92	2.09336
48.94	2.10154
48.96	2.10957
48.98	2.11745
49	2.12518
49.02	2.13276
49.04	2.14018
49.06	2.14745
49.08	2.15457
49.1	2.16154
49.12	2.16835
49.14	2.17501
49.16	2.18151
49.18	2.18787
49.2	2.19406
49.22	2.2001
49.24	2.20599
49.26	2.21173
49.28	2.2173
49.3	2.22273
49.32	2.22799
49.34	2.23311
49.36	2.23806
49.38	2.24286
49.4	2.24751
49.42	2.252
49.44	2.25633
49.46	2.26051
49.48	2.26453
49.5	2.26839
49.52	2.2721
49.54	2.27566
49.56	2.27905
49.58	2.28229
49.6	2.28537
49.62	2.2883
49.64	2.29107
49.66	2.29368
49.68	2.29614
49.7	2.29844
49.72	2.30059
49.74	2.30258
49.76	2.30441
49.78	2.30609
49.8	2.30761
49.82	2.30898
49.84	2.31018
49.86	2.31124
49.88	2.31214
49.9	2.31288
49.92	2.31347
49.94	2.3139
49.96	2.31418
49.98	2.31431
50	2.31428
50.02	2.31409
50.04	2.31376
50.06	2.31326
50.08	2.31262
50.1	2.31182
50.12	2.31087
50.14	2.30977
50.16	2.30851
50.18	2.3071
50.2	2.30554
50.22	2.30383
50.24	2.30196
50.26	2.29995
50.28	2.29779
50.3	2.29547
50.32	2.29301
50.34	2.29039
50.36	2.28763
50.38	2.28472
50.4	2.28166
50.42	2.27845
50.44	2.27509
50.46	2.27159
50.48	2.26794
50.5	2.26415
50.52	2.2602
50.54	2.25612
50.56	2.25189
50.58	2.24751
50.6	2.24299
50.62	2.23833
50.64	2.23352
50.66	2.22857
50.68	2.22348
50.7	2.21825
50.72	2.21288
50.74	2.20736
50.76	2.20171
50.78	2.19592
50.8	2.18999
50.82	2.18392
50.84	2.17772
50.86	2.17137
50.88	2.16489
50.9	2.15828
50.92	2.15153
50.94	2.14465
50.96	2.13763
50.98	2.13048
51	2.1232
51.02	2.11578
51.04	2.10824
51.06	2.10056
51.08	2.09275
51.1	2.08482
51.12	2.07676
51.14	2.06856
51.16	2.06025
51.18	2.0518
51.2	2.04323
51.22	2.03454
51.24	2.02572
51.26	2.01678
51.28	2.00772
51.3	1.99853
51.32	1.98923
51.34	1.9798
51.36	1.97025
51.38	1.96059
51.4	1.95081
51.42	1.94091
51.44	1.93089
51.46	1.92076
51.48	1.91052
51.5	1.90016
51.52	1.88969
51.54	1.87911
51.56	1.86841
51.58	1.85761
51.6	1.84669
51.62	1.83567
51.64	1.82454
51.66	1.8133
51.68	1.80196
51.7	1.79051
51.72	1.77896
51.74	1.76731
51.76	1.75555
51.78	1.74369
51.8	1.73173
51.82	1.71968
51.84	1.70752
51.86	1.69527
51.88	1.68292
51.9	1.67047
51.92	1.65793
51.94	1.64529
51.96	1.63257
51.98	1.61975
52	1.60684
52.02	1.59384
52.04	1.58075
52.06	1.56757
52.08	1.55431
52.1	1.54096
52.12	1.52752
52.14	1.51401
52.16	1.50041
52.18	1.48672
52.2	1.47296
52.22	1.45912
52.24	1.44519
52.26	1.43119
52.28	1.41712
52.3	1.40296
52.32	1.38874
52.34	1.37444
52.36	1.36006
52.38	1.34562
52.4	1.3311
52.42	1.31652
52.44	1.30187
52.46	1.28715
52.48	1.27236
52.5	1.25751
52.52	1.2426
52.54	1.22762
52.56	1.21258
52.58	1.19748
52.6	1.18232
52.62	1.1671
52.64	1.15182
52.66	1.13649
52.68	1.1211
52.7	1.10566
52.72	1.09017
52.74	1.07462
52.76	1.05902
52.78	1.04337
52.8	1.02768
52.82	1.01193
52.84	0.996144
52.86	0.980308
52.88	0.964428
52.9	0.948505
52.92	0.932541
52.94	0.916535
52.96	0.900489
52.98	0.884405
53	0.868284
53.02	0.852126
53.04	0.835933
53.06	0.819705
53.08	0.803445
53.1	0.787153
53.12	0.77083
53.14	0.754477
53.16	0.738096
53.18	0.721688
53.2	0.705254
53.22	0.688794
53.24	0.67231
53.26	0.655804
53.28	0.639276
53.3	0.622727
53.32	0.606159
53.34	0.589573
53.36	0.572969
53.38	0.556349
53.4	0.539715
53.42	0.523066
53.44	0.506405
53.46	0.489733
53.48	0.47305
53.5	0.456358
53.52	0.439657
53.54	0.42295
53.56	0.406236
53.58	0.389518
53.6	0.372796
53.62	0.356072
53.64	0.339346
53.66	0.32262
53.68	0.305895
53.7	0.289171
53.72	0.272451
53.74	0.255734
53.76	0.239023
53.78	0.222319
53.8	0.205621
53.82	0.188933
53.84	0.172254
53.86	0.155585
53.88	0.138929
53.9	0.122285
53.92	0.105656
53.94	0.0890412
53.96	0.072443
53.98	0.0558621
54	0.0392995
54.02	0.0227565
54.04	0.00623389
54.06	-0.0102671
54.08	-0.0267454
54.1	-0.0431999
54.12	-0.0596297
54.14	-0.0760336
54.16	-0.0924105
54.18	-0.10876
54.2	-0.125079
54.22	-0.141369
54.24	-0.157628
54.26	-0.173855
54.28	-0.190048
54.3	-0.206207
54.32	-0.222331
54.34	-0.238419
54.36	-0.254469
54.38	-0.270481
54.4	-0.286453
54.42	-0.302386
54.44	-0.318276
54.46	-0.334125
54.48	-0.34993
54.5	-0.365691
54.52	-0.381406
54.54	-0.397075
54.56	-0.412697
54.58	-0.42827
54.6	-0.443794
54.62	-0.459268
54.64	-0.47469
54.66	-0.490061
54.68	-0.505378
54.7	-0.520641
54.72	-0.53585
54.74	-0.551002
54.76	-0.566097
54.78	-0.581135
54.8	-0.596113
54.82	-0.611032
54.84	-0.625891
54.86	-0.640688
54.88	-0.655423
54.9	-0.670094
54.92	-0.684701
54.94	-0.699243
54.96	-0.713719
54.98	-0.728128
55	-0.74247
