# Tiempo	Velocidad
# m = 3 kg, k = 0.5 N/m, c = 0.2 Ns/m
# x0 = 0 m, v0 = 5 m/s
# t0 = 0 s, tf = 55 s, dt = 0.02 s
# Sistema: Oscilador armonico amortiguado LINEAL
0	5
0.02	4.99317
0.04	4.98602
0.06	4.97854
0.08	4.97075
0.1	4.96263
0.12	4.95419
0.14	4.94544
0.16	4.93636
0.18	4.92697
0.2	4.91727
0.22	4.90724
0.24	4.89691
0.26	4.88626
0.28	4.8753
0.3	4.86404
0.32	4.85246
0.34	4.84057
0.36	4.82838
0.38	4.81588
0.4	4.80308
0.42	4.78998
0.44	4.77657
0.46	4.76286
0.48	4.74886
0.5	4.73455
0.52	4.71995
0.54	4.70506
0.56	4.68987
0.58	4.67439
0.6	4.65862
0.62	4.64256
0.64	4.62621
0.66	4.60957
0.68	4.59265
0.7	4.57545
0.72	4.55796
0.74	4.5402
0.76	4.52215
0.78	4.50383
0.8	4.48524
0.82	4.46636
0.84	4.44722
0.86	4.42781
0.88	4.40812
0.9	4.38817
0.92	4.36795
0.94	4.34747
0.96	4.32673
0.98	4.30572
1	4.28446
1.02	4.26294
1.04	4.24117
1.06	4.21914
1.08	4.19686
1.1	4.17433
1.12	4.15155
1.14	4.12852
1.16	4.10525
1.18	4.08174
1.2	4.05799
1.22	4.034
1.24	4.00977
1.26	3.98531
1.28	3.96061
1.3	3.93569
1.32	3.91053
1.34	3.88515
1.36	3.85954
1.38	3.83371
1.4	3.80766
1.42	3.78139
1.44	3.7549
1.46	3.7282
1.48	3.70128
1.5	3.67416
1.52	3.64682
1.54	3.61928
1.56	3.59154
1.58	3.56359
1.6	3.53544
1.62	3.50709
1.64	3.47855
1.66	3.44982
1.68	3.42089
1.7	3.39177
1.72	3.36247
1.74	3.33298
1.76	3.30331
1.78	3.27346
1.8	3.24343
1.82	3.21322
1.84	3.18284
1.86	3.15229
1.88	3.12157
1.9	3.09068
1.92	3.05963
1.94	3.02841
1.96	2.99704
1.98	2.96551
2	2.93382
2.02	2.90197
2.04	2.86998
2.06	2.83784
2.08	2.80555
2.1	2.77312
2.12	2.74055
2.14	2.70784
2.16	2.67499
2.18	2.642
2.2	2.60889
2.22	2.57564
2.24	2.54227
2.26	2.50877
2.28	2.47515
2.3	2.44141
2.32	2.40755
2.34	2.37358
2.36	2.33949
2.38	2.3053
2.4	2.27099
2.42	2.23658
2.44	2.20207
2.46	2.16746
2.48	2.13274
2.5	2.09794
2.52	2.06304
2.54	2.02804
2.56	1.99296
2.58	1.9578
2.6	1.92254
2.62	1.88721
2.64	1.8518
2.66	1.81632
2.68	1.78076
2.7	1.74513
2.72	1.70942
2.74	1.67366
2.76	1.63783
2.78	1.60194
2.8	1.56599
2.82	1.52998
2.84	1.49392
2.86	1.45781
2.88	1.42164
2.9	1.38544
2.92	1.34918
2.94	1.31289
2.96	1.27656
2.98	1.24019
3	1.20378
3.02	1.16735
3.04	1.13089
3.06	1.09439
3.08	1.05788
3.1	1.02134
3.12	0.984784
3.14	0.948211
3.16	0.911623
3.18	0.875023
3.2	0.838413
3.22	0.801797
3.24	0.765176
3.26	0.728552
3.28	0.691929
3.3	0.655309
3.32	0.618693
3.34	0.582086
3.36	0.545488
3.38	0.508903
3.4	0.472332
3.42	0.435779
3.44	0.399245
3.46	0.362734
3.48	0.326247
3.5	0.289787
3.52	0.253356
3.54	0.216957
3.56	0.180592
3.58	0.144263
3.6	0.107973
3.62	0.0717246
3.64	0.0355194
3.66	-0.000639937
3.68	-0.036751
3.7	-0.0728116
3.72	-0.108819
3.74	-0.144772
3.76	-0.180666
3.78	-0.216501
3.8	-0.252274
3.82	-0.287983
3.84	-0.323624
3.86	-0.359197
3.88	-0.394698
3.9	-0.430126
3.92	-0.465477
3.94	-0.500751
3.96	-0.535944
3.98	-0.571055
4	-0.606081
4.02	-0.64102
4.04	-0.675869
4.06	-0.710627
4.08	-0.745292
4.1	-0.77986
4.12	-0.814331
4.14	-0.848701
4.16	-0.882969
4.18	-0.917133
4.2	-0.95119
4.22	-0.985138
4.24	-1.01898
4.26	-1.0527
4.28	-1.08631
4.3	-1.1198
4.32	-1.15317
4.34	-1.18643
4.36	-1.21955
4.38	-1.25256
4.4	-1.28543
4.42	-1.31818
4.44	-1.35079
4.46	-1.38327
4.48	-1.41562
4.5	-1.44783
4.52	-1.4799
4.54	-1.51182
4.56	-1.54361
4.58	-1.57525
4.6	-1.60674
4.62	-1.63808
4.64	-1.66927
4.66	-1.70031
4.68	-1.7312
4.7	-1.76193
4.72	-1.7925
4.74	-1.82291
4.76	-1.85315
4.78	-1.88324
4.8	-1.91316
4.82	-1.94291
4.84	-1.97249
4.86	-2.0019
4.88	-2.03114
4.9	-2.0602
4.92	-2.08909
4.94	-2.1178
4.96	-2.14633
4.98	-2.17468
5	-2.20285
5.02	-2.23084
5.04	-2.25863
5.06	-2.28624
5.08	-2.31366
5.1	-2.34089
5.12	-2.36793
5.14	-2.39478
5.16	-2.42143
5.18	-2.44788
5.2	-2.47413
5.22	-2.50019
5.24	-2.52604
5.26	-2.55169
5.28	-2.57713
5.3	-2.60237
5.32	-2.62741
5.34	-2.65223
5.36	-2.67685
5.38	-2.70125
5.4	-2.72544
5.42	-2.74942
5.44	-2.77318
5.46	-2.79673
5.48	-2.82006
5.5	-2.84316
5.52	-2.86605
5.54	-2.88872
5.56	-2.91117
5.58	-2.93339
5.6	-2.95538
5.62	-2.97715
5.64	-2.9987
5.66	-3.02001
5.68	-3.0411
5.7	-3.06195
5.72	-3.08257
5.74	-3.10296
5.76	-3.12312
5.78	-3.14304
5.8	-3.16272
5.82	-3.18217
5.84	-3.20138
5.86	-3.22035
5.88	-3.23908
5.9	-3.25757
5.92	-3.27582
5.94	-3.29382
5.96	-3.31159
5.98	-3.3291
6	-3.34638
6.02	-3.3634
6.04	-3.38018
6.06	-3.39672
6.08	-3.413
6.1	-3.42904
6.12	-3.44482
6.14	-3.46036
6.16	-3.47564
6.18	-3.49067
6.2	-3.50545
6.22	-3.51998
6.24	-3.53425
6.26	-3.54827
6.28	-3.56203
6.3	-3.57554
6.32	-3.58879
6.34	-3.60178
6.36	-3.61452
6.38	-3.627
6.4	-3.63922
6.42	-3.65118
6.44	-3.66288
6.46	-3.67433
6.48	-3.68551
6.5	-3.69643
6.52	-3.7071
6.54	-3.7175
6.56	-3.72763
6.58	-3.73751
6.6	-3.74713
6.62	-3.75648
6.64	-3.76557
6.66	-3.7744
6.68	-3.78296
6.7	-3.79126
6.72	-3.7993
6.74	-3.80707
6.76	-3.81458
6.78	-3.82182
6.8	-3.82881
6.82	-3.83552
6.84	-3.84197
6.86	-3.84816
6.88	-3.85408
6.9	-3.85974
6.92	-3.86513
6.94	-3.87026
6.96	-3.87513
6.98	-3.87972
7	-3.88406
7.02	-3.88813
7.04	-3.89193
7.06	-3.89548
7.08	-3.89875
7.1	-3.90177
7.12	-3.90451
7.14	-3.907
7.16	-3.90922
7.18	-3.91118
7.2	-3.91287
7.22	-3.91431
7.24	-3.91547
7.26	-3.91638
7.28	-3.91703
7.3	-3.91741
7.32	-3.91753
7.34	-3.91739
7.36	-3.91699
7.38	-3.91633
7.4	-3.91541
7.42	-3.91423
7.44	-3.91279
7.46	-3.91109
7.48	-3.90913
7.5	-3.90692
7.52	-3.90445
7.54	-3.90172
7.56	-3.89873
7.58	-3.89549
7.6	-3.89199
7.62	-3.88824
7.64	-3.88424
7.66	-3.87998
7.68	-3.87547
7.7	-3.87071
7.72	-3.86569
7.74	-3.86043
7.76	-3.85491
7.78	-3.84914
7.8	-3.84313
7.82	-3.83687
7.84	-3.83036
7.86	-3.8236
7.88	-3.8166
7.9	-3.80935
7.92	-3.80186
7.94	-3.79413
7.96	-3.78615
7.98	-3.77794
8	-3.76948
8.02	-3.76078
8.04	-3.75184
8.06	-3.74266
8.08	-3.73325
8.1	-3.7236
8.12	-3.71372
8.14	-3.7036
8.16	-3.69325
8.18	-3.68266
8.2	-3.67185
8.22	-3.6608
8.24	-3.64953
8.26	-3.63803
8.28	-3.6263
8.3	-3.61434
8.32	-3.60216
8.34	-3.58976
8.36	-3.57713
8.38	-3.56428
8.4	-3.55121
8.42	-3.53792
8.44	-3.52442
8.46	-3.5107
8.48	-3.49676
8.5	-3.4826
8.52	-3.46824
8.54	-3.45366
8.56	-3.43887
8.58	-3.42387
8.6	-3.40867
8.62	-3.39326
8.64	-3.37764
8.66	-3.36181
8.68	-3.34579
8.7	-3.32956
8.72	-3.31313
8.74	-3.29651
8.76	-3.27969
8.78	-3.26267
8.8	-3.24545
8.82	-3.22804
8.84	-3.21044
8.86	-3.19265
8.88	-3.17468
8.9	-3.15651
8.92	-3.13816
8.94	-3.11962
8.96	-3.1009
8.98	-3.082
9	-3.06292
9.02	-3.04365
9.04	-3.02422
9.06	-3.0046
9.08	-2.98482
9.1	-2.96486
9.12	-2.94473
9.14	-2.92443
9.16	-2.90396
9.18	-2.88332
9.2	-2.86252
9.22	-2.84156
9.24	-2.82044
9.26	-2.79916
9.28	-2.77772
9.3	-2.75612
9.32	-2.73437
9.34	-2.71246
9.36	-2.6904
9.38	-2.6682
9.4	-2.64584
9.42	-2.62334
9.44	-2.60069
9.46	-2.5779
9.48	-2.55497
9.5	-2.5319
9.52	-2.50869
9.54	-2.48535
9.56	-2.46187
9.58	-2.43826
9.6	-2.41452
9.62	-2.39064
9.64	-2.36664
9.66	-2.34252
9.68	-2.31827
9.7	-2.2939
9.72	-2.26941
9.74	-2.2448
9.76	-2.22007
9.78	-2.19523
9.8	-2.17027
9.82	-2.14521
9.84	-2.12003
9.86	-2.09475
9.88	-2.06936
9.9	-2.04386
9.92	-2.01827
9.94	-1.99257
9.96	-1.96678
9.98	-1.94089
10	-1.9149
10.02	-1.88882
10.04	-1.86265
10.06	-1.83639
10.08	-1.81005
10.1	-1.78361
10.12	-1.7571
10.14	-1.7305
10.16	-1.70382
10.18	-1.67707
10.2	-1.65024
10.22	-1.62333
10.24	-1.59635
10.26	-1.56931
10.28	-1.54219
10.3	-1.51501
10.32	-1.48776
10.34	-1.46045
10.36	-1.43308
10.38	-1.40564
10.4	-1.37816
10.42	-1.35061
10.44	-1.32302
10.46	-1.29537
10.48	-1.26767
10.5	-1.23993
10.52	-1.21214
10.54	-1.1843
10.56	-1.15643
10.58	-1.12851
10.6	-1.10056
10.62	-1.07257
10.64	-1.04454
10.66	-1.01649
10.68	-0.988401
10.7	-0.960286
10.72	-0.932144
10.74	-0.903978
10.76	-0.875789
10.78	-0.847579
10.8	-0.819351
10.82	-0.791105
10.84	-0.762845
10.86	-0.734571
10.88	-0.706286
10.9	-0.677992
10.92	-0.64969
10.94	-0.621382
10.96	-0.593071
10.98	-0.564759
11	-0.536446
11.02	-0.508135
11.04	-0.479828
11.06	-0.451527
11.08	-0.423233
11.1	-0.394949
11.12	-0.366677
11.14	-0.338417
11.16	-0.310173
11.18	-0.281946
11.2	-0.253737
11.22	-0.225549
11.24	-0.197384
11.26	-0.169243
11.28	-0.141128
11.3	-0.113042
11.32	-0.084985
11.34	-0.05696
11.36	-0.0289685
11.38	-0.0010124
11.4	0.0269065
11.42	0.0547865
11.44	0.0826256
11.46	0.110422
11.48	0.138174
11.5	0.16588
11.52	0.193538
11.54	0.221146
11.56	0.248703
11.58	0.276207
11.6	0.303655
11.62	0.331047
11.64	0.35838
11.66	0.385652
11.68	0.412863
11.7	0.44001
11.72	0.467091
11.74	0.494106
11.76	0.521051
11.78	0.547926
11.8	0.574728
11.82	0.601457
11.84	0.628109
11.86	0.654685
11.88	0.681181
11.9	0.707597
11.92	0.73393
11.94	0.760179
11.96	0.786343
11.98	0.812419
12	0.838407
12.02	0.864304
12.04	0.890109
12.06	0.91582
12.08	0.941437
12.1	0.966956
12.12	0.992377
12.14	1.0177
12.16	1.04292
12.18	1.06803
12.2	1.09304
12.22	1.11795
12.24	1.14275
12.26	1.16744
12.28	1.19201
12.3	1.21648
12.32	1.24083
12.34	1.26507
12.36	1.28919
12.38	1.31319
12.4	1.33707
12.42	1.36084
12.44	1.38448
12.46	1.40799
12.48	1.43138
12.5	1.45465
12.52	1.47778
12.54	1.50079
12.56	1.52367
12.58	1.54641
12.6	1.56902
12.62	1.5915
12.64	1.61384
12.66	1.63604
12.68	1.65811
12.7	1.68003
12.72	1.70182
12.74	1.72346
12.76	1.74495
12.78	1.76631
12.8	1.78751
12.82	1.80857
12.84	1.82948
12.86	1.85024
12.88	1.87085
12.9	1.89131
12.92	1.91162
12.94	1.93177
12.96	1.95176
12.98	1.9716
13	1.99128
13.02	2.0108
13.04	2.03016
13.06	2.04936
13.08	2.0684
13.1	2.08728
13.12	2.10599
13.14	2.12453
13.16	2.14291
13.18	2.16112
13.2	2.17917
13.22	2.19704
13.24	2.21475
13.26	2.23228
13.28	2.24964
13.3	2.26683
13.32	2.28384
13.34	2.30068
13.36	2.31735
13.38	2.33383
13.4	2.35014
13.42	2.36627
13.44	2.38223
13.46	2.398
13.48	2.41359
13.5	2.429
13.52	2.44423
13.54	2.45927
13.56	2.47413
13.58	2.48881
13.6	2.5033
13.62	2.5176
13.64	2.53172
13.66	2.54565
13.68	2.55939
13.7	2.57295
13.72	2.58631
13.74	2.59948
13.76	2.61247
13.78	2.62526
13.8	2.63786
13.82	2.65027
13.84	2.66248
13.86	2.6745
13.88	2.68633
13.9	2.69796
13.92	2.70939
13.94	2.72063
13.96	2.73168
13.98	2.74253
14	2.75318
14.02	2.76363
14.04	2.77388
14.06	2.78394
14.08	2.7938
14.1	2.80345
14.12	2.81291
14.14	2.82217
14.16	2.83123
14.18	2.84009
14.2	2.84874
14.22	2.8572
14.24	2.86545
14.26	2.8735
14.28	2.88135
14.3	2.889
14.32	2.89644
14.34	2.90368
14.36	2.91072
14.38	2.91756
14.4	2.92419
14.42	2.93062
14.44	2.93684
14.46	2.94286
14.48	2.94868
14.5	2.95429
14.52	2.9597
14.54	2.9649
14.56	2.9699
14.58	2.97469
14.6	2.97928
14.62	2.98367
14.64	2.98785
14.66	2.99182
14.68	2.99559
14.7	2.99916
14.72	3.00252
14.74	3.00568
14.76	3.00863
14.78	3.01138
14.8	3.01393
14.82	3.01627
14.84	3.0184
14.86	3.02033
14.88	3.02206
14.9	3.02359
14.92	3.02491
14.94	3.02603
14.96	3.02694
14.98	3.02765
15	3.02816
15.02	3.02847
15.04	3.02858
15.06	3.02848
15.08	3.02818
15.1	3.02768
15.12	3.02698
15.14	3.02608
15.16	3.02497
15.18	3.02367
15.2	3.02217
15.22	3.02047
15.24	3.01857
15.26	3.01647
15.28	3.01417
15.3	3.01168
15.32	3.00898
15.34	3.00609
15.36	3.00301
15.38	2.99973
15.4	2.99625
15.42	2.99258
15.44	2.98871
15.46	2.98465
15.48	2.9804
15.5	2.97595
15.52	2.97131
15.54	2.96648
15.56	2.96146
15.58	2.95625
15.6	2.95085
15.62	2.94525
15.64	2.93947
15.66	2.9335
15.68	2.92735
15.7	2.921
15.72	2.91447
15.74	2.90776
15.76	2.90086
15.78	2.89378
15.8	2.88651
15.82	2.87906
15.84	2.87143
15.86	2.86362
15.88	2.85562
15.9	2.84745
15.92	2.8391
15.94	2.83057
15.96	2.82186
15.98	2.81298
16	2.80392
16.02	2.79469
16.04	2.78528
16.06	2.7757
16.08	2.76595
16.1	2.75602
16.12	2.74593
16.14	2.73567
16.16	2.72523
16.18	2.71463
16.2	2.70387
16.22	2.69294
16.24	2.68184
16.26	2.67058
16.28	2.65915
16.3	2.64757
16.32	2.63582
16.34	2.62391
16.36	2.61185
16.38	2.59962
16.4	2.58724
16.42	2.57471
16.44	2.56202
16.46	2.54917
16.48	2.53617
16.5	2.52302
16.52	2.50972
16.54	2.49627
16.56	2.48268
16.58	2.46893
16.6	2.45504
16.62	2.441
16.64	2.42682
16.66	2.4125
16.68	2.39804
16.7	2.38343
16.72	2.36869
16.74	2.3538
16.76	2.33878
16.78	2.32363
16.8	2.30834
16.82	2.29291
16.84	2.27736
16.86	2.26167
16.88	2.24586
16.9	2.22991
16.92	2.21384
16.94	2.19764
16.96	2.18132
16.98	2.16487
17	2.1483
17.02	2.13161
17.04	2.1148
17.06	2.09787
17.08	2.08083
17.1	2.06367
17.12	2.04639
17.14	2.029
17.16	2.0115
17.18	1.99389
17.2	1.97616
17.22	1.95833
17.24	1.9404
17.26	1.92236
17.28	1.90421
17.3	1.88596
17.32	1.86761
17.34	1.84916
17.36	1.83062
17.38	1.81197
17.4	1.79323
17.42	1.77439
17.44	1.75546
17.46	1.73644
17.48	1.71733
17.5	1.69813
17.52	1.67884
17.54	1.65947
17.56	1.64001
17.58	1.62047
17.6	1.60085
17.62	1.58114
17.64	1.56136
17.66	1.5415
17.68	1.52156
17.7	1.50155
17.72	1.48146
17.74	1.46131
17.76	1.44108
17.78	1.42078
17.8	1.40042
17.82	1.37999
17.84	1.35949
17.86	1.33893
17.88	1.31831
17.9	1.29763
17.92	1.27689
17.94	1.25609
17.96	1.23524
17.98	1.21433
18	1.19337
18.02	1.17236
18.04	1.1513
18.06	1.13019
18.08	1.10903
18.1	1.08782
18.12	1.06658
18.14	1.04529
18.16	1.02395
18.18	1.00258
18.2	0.981171
18.22	0.959724
18.24	0.938242
18.26	0.916726
18.28	0.895177
18.3	0.873597
18.32	0.851988
18.34	0.830351
18.36	0.808688
18.38	0.786999
18.4	0.765287
18.42	0.743553
18.44	0.721799
18.46	0.700025
18.48	0.678233
18.5	0.656426
18.52	0.634604
18.54	0.612768
18.56	0.590921
18.58	0.569064
18.6	0.547197
18.62	0.525324
18.64	0.503444
18.66	0.481561
18.68	0.459674
18.7	0.437786
18.72	0.415898
18.74	0.394011
18.76	0.372127
18.78	0.350248
18.8	0.328374
18.82	0.306508
18.84	0.28465
18.86	0.262803
18.88	0.240967
18.9	0.219144
18.92	0.197336
18.94	0.175543
18.96	0.153768
18.98	0.132012
19	0.110276
19.02	0.0885614
19.04	0.0668699
19.06	0.0452029
19.08	0.0235618
19.1	0.00194788
19.12	-0.0196373
19.14	-0.0411925
19.16	-0.0627162
19.18	-0.084207
19.2	-0.105664
19.22	-0.127085
19.24	-0.148469
19.26	-0.169814
19.28	-0.19112
19.3	-0.212385
19.32	-0.233607
19.34	-0.254785
19.36	-0.275918
19.38	-0.297005
19.4	-0.318044
19.42	-0.339033
19.44	-0.359972
19.46	-0.380859
19.48	-0.401693
19.5	-0.422472
19.52	-0.443196
19.54	-0.463862
19.56	-0.48447
19.58	-0.505019
19.6	-0.525506
19.62	-0.545931
19.64	-0.566292
19.66	-0.586588
19.68	-0.606819
19.7	-0.626982
19.72	-0.647076
19.74	-0.6671
19.76	-0.687054
19.78	-0.706934
19.8	-0.726742
19.82	-0.746474
19.84	-0.766131
19.86	-0.78571
19.88	-0.805211
19.9	-0.824632
19.92	-0.843973
19.94	-0.863231
19.96	-0.882406
19.98	-0.901497
20	-0.920502
20.02	-0.939421
20.04	-0.958252
20.06	-0.976994
20.08	-0.995646
20.1	-1.01421
20.12	-1.03268
20.14	-1.05105
20.16	-1.06933
20.18	-1.08752
20.2	-1.1056
20.22	-1.12359
20.24	-1.14149
20.26	-1.15928
20.28	-1.17697
20.3	-1.19456
20.32	-1.21204
20.34	-1.22943
20.36	-1.2467
20.38	-1.26387
20.4	-1.28094
20.42	-1.29789
20.44	-1.31474
20.46	-1.33147
20.48	-1.3481
20.5	-1.36461
20.52	-1.38101
20.54	-1.3973
20.56	-1.41347
20.58	-1.42953
20.6	-1.44547
20.62	-1.46129
20.64	-1.47699
20.66	-1.49258
20.68	-1.50804
20.7	-1.52339
20.72	-1.53861
20.74	-1.5537
20.76	-1.56868
20.78	-1.58353
20.8	-1.59825
20.82	-1.61285
20.84	-1.62732
20.86	-1.64167
20.88	-1.65588
20.9	-1.66997
20.92	-1.68393
20.94	-1.69775
20.96	-1.71145
20.98	-1.72501
21	-1.73844
21.02	-1.75173
21.04	-1.76489
21.06	-1.77792
21.08	-1.79081
21.1	-1.80356
21.12	-1.81618
21.14	-1.82866
21.16	-1.841
21.18	-1.8532
21.2	-1.86526
21.22	-1.87718
21.24	-1.88896
21.26	-1.9006
21.28	-1.91209
21.3	-1.92345
21.32	-1.93466
21.34	-1.94572
21.36	-1.95664
21.38	-1.96742
21.4	-1.97805
21.42	-1.98854
21.44	-1.99888
21.46	-2.00907
21.48	-2.01912
21.5	-2.02901
21.52	-2.03876
21.54	-2.04836
21.56	-2.05781
21.58	-2.06711
21.6	-2.07626
21.62	-2.08526
21.64	-2.09411
21.66	-2.10281
21.68	-2.11136
21.7	-2.11975
21.72	-2.12799
21.74	-2.13608
21.76	-2.14402
21.78	-2.1518
21.8	-2.15943
21.82	-2.1669
21.84	-2.17422
21.86	-2.18139
21.88	-2.1884
21.9	-2.19526
21.92	-2.20196
21.94	-2.2085
21.96	-2.21489
21.98	-2.22112
22	-2.2272
22.02	-2.23312
22.04	-2.23888
22.06	-2.24449
22.08	-2.24994
22.1	-2.25523
22.12	-2.26037
22.14	-2.26535
22.16	-2.27017
22.18	-2.27483
22.2	-2.27933
22.22	-2.28368
22.24	-2.28787
22.26	-2.2919
22.28	-2.29577
22.3	-2.29949
22.32	-2.30304
22.34	-2.30644
22.36	-2.30968
22.38	-2.31277
22.4	-2.31569
22.42	-2.31845
22.44	-2.32106
22.46	-2.32351
22.48	-2.3258
22.5	-2.32794
22.52	-2.32991
22.54	-2.33173
22.56	-2.33339
22.58	-2.33489
22.6	-2.33624
22.62	-2.33742
22.64	-2.33845
22.66	-2.33933
22.68	-2.34004
22.7	-2.3406
22.72	-2.341
22.74	-2.34125
22.76	-2.34134
22.78	-2.34127
22.8	-2.34105
22.82	-2.34067
22.84	-2.34014
22.86	-2.33945
22.88	-2.3386
22.9	-2.33761
22.92	-2.33645
22.94	-2.33515
22.96	-2.33369
22.98	-2.33207
23	-2.3303
23.02	-2.32838
23.04	-2.32631
23.06	-2.32408
23.08	-2.32171
23.1	-2.31918
23.12	-2.3165
23.14	-2.31367
23.16	-2.31069
23.18	-2.30756
23.2	-2.30428
23.22	-2.30085
23.24	-2.29727
23.26	-2.29354
23.28	-2.28967
23.3	-2.28564
23.32	-2.28148
23.34	-2.27716
23.36	-2.2727
23.38	-2.26809
23.4	-2.26334
23.42	-2.25845
23.44	-2.25341
23.46	-2.24822
23.48	-2.2429
23.5	-2.23743
23.52	-2.23182
23.54	-2.22607
23.56	-2.22017
23.58	-2.21414
23.6	-2.20797
23.62	-2.20166
23.64	-2.19521
23.66	-2.18862
23.68	-2.1819
23.7	-2.17504
23.72	-2.16804
23.74	-2.16091
23.76	-2.15365
23.78	-2.14625
23.8	-2.13872
23.82	-2.13105
23.84	-2.12326
23.86	-2.11533
23.88	-2.10727
23.9	-2.09908
23.92	-2.09077
23.94	-2.08232
23.96	-2.07375
23.98	-2.06505
24	-2.05623
24.02	-2.04727
24.04	-2.0382
24.06	-2.029
24.08	-2.01968
24.1	-2.01024
24.12	-2.00067
24.14	-1.99099
24.16	-1.98118
24.18	-1.97126
24.2	-1.96122
24.22	-1.95106
24.24	-1.94078
24.26	-1.93039
24.28	-1.91988
24.3	-1.90926
24.32	-1.89853
24.34	-1.88769
24.36	-1.87673
24.38	-1.86566
24.4	-1.85449
24.42	-1.8432
24.44	-1.83181
24.46	-1.82031
24.48	-1.8087
24.5	-1.79699
24.52	-1.78518
24.54	-1.77326
24.56	-1.76124
24.58	-1.74912
24.6	-1.73689
24.62	-1.72457
24.64	-1.71215
24.66	-1.69964
24.68	-1.68702
24.7	-1.67431
24.72	-1.66151
24.74	-1.64861
24.76	-1.63562
24.78	-1.62254
24.8	-1.60936
24.82	-1.5961
24.84	-1.58275
24.86	-1.56931
24.88	-1.55579
24.9	-1.54218
24.92	-1.52848
24.94	-1.5147
24.96	-1.50084
24.98	-1.4869
25	-1.47287
25.02	-1.45877
25.04	-1.44459
25.06	-1.43033
25.08	-1.41599
25.1	-1.40158
25.12	-1.3871
25.14	-1.37254
25.16	-1.35791
25.18	-1.34321
25.2	-1.32844
25.22	-1.3136
25.24	-1.29869
25.26	-1.28372
25.28	-1.26868
25.3	-1.25357
25.32	-1.23841
25.34	-1.22318
25.36	-1.20789
25.38	-1.19253
25.4	-1.17712
25.42	-1.16166
25.44	-1.14613
25.46	-1.13055
25.48	-1.11492
25.5	-1.09923
25.52	-1.08349
25.54	-1.0677
25.56	-1.05185
25.58	-1.03596
25.6	-1.02002
25.62	-1.00404
25.64	-0.988008
25.66	-0.971932
25.68	-0.955814
25.7	-0.939652
25.72	-0.92345
25.74	-0.907208
25.76	-0.890927
25.78	-0.874609
25.8	-0.858254
25.82	-0.841863
25.84	-0.825439
25.86	-0.808981
25.88	-0.792491
25.9	-0.775971
25.92	-0.75942
25.94	-0.742841
25.96	-0.726235
25.98	-0.709603
26	-0.692945
26.02	-0.676264
26.04	-0.659559
26.06	-0.642833
26.08	-0.626087
26.1	-0.609321
26.12	-0.592536
26.14	-0.575735
26.16	-0.558918
26.18	-0.542085
26.2	-0.52524
26.22	-0.508381
26.24	-0.491511
26.26	-0.474631
26.28	-0.457742
26.3	-0.440845
26.32	-0.423941
26.34	-0.407031
26.36	-0.390117
26.38	-0.373199
26.4	-0.356279
26.42	-0.339358
26.44	-0.322436
26.46	-0.305516
26.48	-0.288598
26.5	-0.271683
26.52	-0.254773
26.54	-0.237868
26.56	-0.22097
26.58	-0.204079
26.6	-0.187198
26.62	-0.170326
26.64	-0.153466
26.66	-0.136618
26.68	-0.119783
26.7	-0.102963
26.72	-0.0861585
26.74	-0.0693705
26.76	-0.0526002
26.78	-0.0358487
26.8	-0.0191172
26.82	-0.00240674
26.84	0.0142816
26.86	0.0309468
26.88	0.0475878
26.9	0.0642034
26.92	0.0807925
26.94	0.0973542
26.96	0.113887
26.98	0.130391
27	0.146864
27.02	0.163305
27.04	0.179713
27.06	0.196088
27.08	0.212427
27.1	0.228731
27.12	0.244998
27.14	0.261226
27.16	0.277416
27.18	0.293566
27.2	0.309674
27.22	0.325741
27.24	0.341764
27.26	0.357743
27.28	0.373677
27.3	0.389565
27.32	0.405406
27.34	0.421199
27.36	0.436943
27.38	0.452636
27.4	0.468279
27.42	0.483869
27.44	0.499406
27.46	0.51489
27.48	0.530318
27.5	0.545691
27.52	0.561007
27.54	0.576265
27.56	0.591464
27.58	0.606604
27.6	0.621683
27.62	0.6367
27.64	0.651656
27.66	0.666547
27.68	0.681375
27.7	0.696137
27.72	0.710834
27.74	0.725463
27.76	0.740025
27.78	0.754517
27.8	0.768941
27.82	0.783293
27.84	0.797575
27.86	0.811784
27.88	0.825921
27.9	0.839983
27.92	0.853971
27.94	0.867883
27.96	0.881719
27.98	0.895478
28	0.909159
28.02	0.92276
28.04	0.936283
28.06	0.949725
28.08	0.963086
28.1	0.976364
28.12	0.98956
28.14	1.00267
28.16	1.0157
28.18	1.02864
28.2	1.0415
28.22	1.05427
28.24	1.06696
28.26	1.07955
28.28	1.09206
28.3	1.10448
28.32	1.1168
28.34	1.12904
28.36	1.14119
28.38	1.15324
28.4	1.1652
28.42	1.17707
28.44	1.18884
28.46	1.20051
28.48	1.2121
28.5	1.22358
28.52	1.23497
28.54	1.24626
28.56	1.25746
28.58	1.26855
28.6	1.27955
28.62	1.29044
28.64	1.30124
28.66	1.31193
28.68	1.32252
28.7	1.33301
28.72	1.3434
28.74	1.35368
28.76	1.36386
28.78	1.37394
28.8	1.38391
28.82	1.39377
28.84	1.40353
28.86	1.41318
28.88	1.42273
28.9	1.43217
28.92	1.4415
28.94	1.45072
28.96	1.45983
28.98	1.46884
29	1.47773
29.02	1.48651
29.04	1.49518
29.06	1.50375
29.08	1.5122
29.1	1.52053
29.12	1.52876
29.14	1.53687
29.16	1.54487
29.18	1.55276
29.2	1.56053
29.22	1.56818
29.24	1.57573
29.26	1.58315
29.28	1.59047
29.3	1.59766
29.32	1.60474
29.34	1.61171
29.36	1.61856
29.38	1.62529
29.4	1.6319
29.42	1.63839
29.44	1.64477
29.46	1.65103
29.48	1.65717
29.5	1.6632
29.52	1.6691
29.54	1.67489
29.56	1.68055
29.58	1.6861
29.6	1.69153
29.62	1.69683
29.64	1.70202
29.66	1.70708
29.68	1.71203
29.7	1.71686
29.72	1.72156
29.74	1.72614
29.76	1.7306
29.78	1.73495
29.8	1.73917
29.82	1.74326
29.84	1.74724
29.86	1.75109
29.88	1.75483
29.9	1.75844
29.92	1.76193
29.94	1.7653
29.96	1.76854
29.98	1.77166
30	1.77466
30.02	1.77754
30.04	1.7803
30.06	1.78293
30.08	1.78544
30.1	1.78783
30.12	1.7901
30.14	1.79224
30.16	1.79427
30.18	1.79617
30.2	1.79795
30.22	1.7996
30.24	1.80114
30.26	1.80255
30.28	1.80384
30.3	1.805
30.32	1.80605
30.34	1.80698
30.36	1.80778
30.38	1.80846
30.4	1.80902
30.42	1.80946
30.44	1.80978
30.46	1.80997
30.48	1.81005
30.5	1.81
30.52	1.80984
30.54	1.80955
30.56	1.80914
30.58	1.80862
30.6	1.80797
30.62	1.80721
30.64	1.80632
30.66	1.80532
30.68	1.8042
30.7	1.80295
30.72	1.80159
30.74	1.80012
30.76	1.79852
30.78	1.79681
30.8	1.79497
30.82	1.79303
30.84	1.79096
30.86	1.78878
30.88	1.78648
30.9	1.78407
30.92	1.78154
30.94	1.77889
30.96	1.77613
30.98	1.77326
31	1.77027
31.02	1.76716
31.04	1.76395
31.06	1.76062
31.08	1.75717
31.1	1.75362
31.12	1.74995
31.14	1.74617
31.16	1.74228
31.18	1.73828
31.2	1.73417
31.22	1.72995
31.24	1.72562
31.26	1.72118
31.28	1.71663
31.3	1.71197
31.32	1.7072
31.34	1.70233
31.36	1.69735
31.38	1.69226
31.4	1.68707
31.42	1.68177
31.44	1.67637
31.46	1.67086
31.48	1.66525
31.5	1.65954
31.52	1.65372
31.54	1.6478
31.56	1.64178
31.58	1.63566
31.6	1.62943
31.62	1.62311
31.64	1.61668
31.66	1.61016
31.68	1.60354
31.7	1.59682
31.72	1.59
31.74	1.58309
31.76	1.57608
31.78	1.56897
31.8	1.56177
31.82	1.55448
31.84	1.54709
31.86	1.5396
31.88	1.53203
31.9	1.52436
31.92	1.5166
31.94	1.50875
31.96	1.50082
31.98	1.49279
32	1.48467
32.02	1.47646
32.04	1.46817
32.06	1.45979
32.08	1.45133
32.1	1.44278
32.12	1.43414
32.14	1.42542
32.16	1.41662
32.18	1.40773
32.2	1.39876
32.22	1.38971
32.24	1.38058
32.26	1.37137
32.28	1.36209
32.3	1.35272
32.32	1.34327
32.34	1.33375
32.36	1.32416
32.38	1.31448
32.4	1.30474
32.42	1.29491
32.44	1.28502
32.46	1.27505
32.48	1.26501
32.5	1.2549
32.52	1.24472
32.54	1.23447
32.56	1.22416
32.58	1.21377
32.6	1.20332
32.62	1.1928
32.64	1.18221
32.66	1.17157
32.68	1.16085
32.7	1.15008
32.72	1.13924
32.74	1.12834
32.76	1.11738
32.78	1.10636
32.8	1.09528
32.82	1.08414
32.84	1.07295
32.86	1.06169
32.88	1.05039
32.9	1.03903
32.92	1.02761
32.94	1.01614
32.96	1.00462
32.98	0.993045
33	0.981421
33.02	0.969747
33.04	0.958024
33.06	0.946253
33.08	0.934434
33.1	0.922569
33.12	0.910659
33.14	0.898703
33.16	0.886703
33.18	0.874661
33.2	0.862576
33.22	0.85045
33.24	0.838283
33.26	0.826077
33.28	0.813832
33.3	0.801549
33.32	0.789229
33.34	0.776873
33.36	0.764481
33.38	0.752055
33.4	0.739596
33.42	0.727104
33.44	0.71458
33.46	0.702025
33.48	0.68944
33.5	0.676826
33.52	0.664184
33.54	0.651514
33.56	0.638818
33.58	0.626096
33.6	0.613349
33.62	0.600579
33.64	0.587785
33.66	0.57497
33.68	0.562133
33.7	0.549276
33.72	0.536399
33.74	0.523504
33.76	0.510591
33.78	0.497661
33.8	0.484715
33.82	0.471755
33.84	0.45878
33.86	0.445792
33.88	0.432791
33.9	0.419779
33.92	0.406756
33.94	0.393724
33.96	0.380683
33.98	0.367633
34	0.354577
34.02	0.341514
34.04	0.328446
34.06	0.315374
34.08	0.302298
34.1	0.289219
34.12	0.276139
34.14	0.263057
34.16	0.249975
34.18	0.236895
34.2	0.223815
34.22	0.210739
34.24	0.197665
34.26	0.184596
34.28	0.171532
34.3	0.158474
34.32	0.145423
34.34	0.13238
34.36	0.119345
34.38	0.106319
34.4	0.0933043
34.42	0.0803003
34.44	0.0673082
34.46	0.0543289
34.48	0.0413633
34.5	0.0284123
34.52	0.0154766
34.54	0.00255711
34.56	-0.0103453
34.58	-0.0232299
34.6	-0.0360957
34.62	-0.048942
34.64	-0.061768
34.66	-0.0745727
34.68	-0.0873554
34.7	-0.100115
34.72	-0.112851
34.74	-0.125563
34.76	-0.138249
34.78	-0.15091
34.8	-0.163543
34.82	-0.176149
34.84	-0.188726
34.86	-0.201273
34.88	-0.213791
34.9	-0.226278
34.92	-0.238733
34.94	-0.251155
34.96	-0.263544
34.98	-0.2759
35	-0.28822
35.02	-0.300504
35.04	-0.312753
35.06	-0.324964
35.08	-0.337137
35.1	-0.349272
35.12	-0.361367
35.14	-0.373422
35.16	-0.385436
35.18	-0.397408
35.2	-0.409338
35.22	-0.421224
35.24	-0.433067
35.26	-0.444865
35.28	-0.456618
35.3	-0.468325
35.32	-0.479985
35.34	-0.491597
35.36	-0.503161
35.38	-0.514676
35.4	-0.526142
35.42	-0.537557
35.44	-0.548921
35.46	-0.560234
35.48	-0.571494
35.5	-0.582701
35.52	-0.593855
35.54	-0.604953
35.56	-0.615997
35.58	-0.626985
35.6	-0.637917
35.62	-0.648791
35.64	-0.659608
35.66	-0.670367
35.68	-0.681066
35.7	-0.691706
35.72	-0.702286
35.74	-0.712804
35.76	-0.723262
35.78	-0.733657
35.8	-0.743989
35.82	-0.754258
35.84	-0.764463
35.86	-0.774604
35.88	-0.784679
35.9	-0.794689
35.92	-0.804632
35.94	-0.814509
35.96	-0.824318
35.98	-0.834059
36	-0.843732
36.02	-0.853336
36.04	-0.86287
36.06	-0.872333
36.08	-0.881726
36.1	-0.891048
36.12	-0.900298
36.14	-0.909476
36.16	-0.918581
36.18	-0.927612
36.2	-0.93657
36.22	-0.945453
36.24	-0.954262
36.26	-0.962995
36.28	-0.971652
36.3	-0.980233
36.32	-0.988738
36.34	-0.997165
36.36	-1.00551
36.38	-1.01379
36.4	-1.02198
36.42	-1.03009
36.44	-1.03813
36.46	-1.04608
36.48	-1.05396
36.5	-1.06175
36.52	-1.06946
36.54	-1.07709
36.56	-1.08464
36.58	-1.09211
36.6	-1.09949
36.62	-1.10679
36.64	-1.11401
36.66	-1.12114
36.68	-1.12819
36.7	-1.13516
36.72	-1.14204
36.74	-1.14883
36.76	-1.15554
36.78	-1.16217
36.8	-1.1687
36.82	-1.17515
36.84	-1.18152
36.86	-1.18779
36.88	-1.19398
36.9	-1.20008
36.92	-1.20609
36.94	-1.21202
36.96	-1.21785
36.98	-1.2236
37	-1.22926
37.02	-1.23483
37.04	-1.24031
37.06	-1.2457
37.08	-1.25099
37.1	-1.2562
37.12	-1.26132
37.14	-1.26635
37.16	-1.27128
37.18	-1.27613
37.2	-1.28088
37.22	-1.28554
37.24	-1.29011
37.26	-1.29459
37.28	-1.29897
37.3	-1.30326
37.32	-1.30746
37.34	-1.31157
37.36	-1.31559
37.38	-1.31951
37.4	-1.32334
37.42	-1.32707
37.44	-1.33071
37.46	-1.33426
37.48	-1.33772
37.5	-1.34108
37.52	-1.34435
37.54	-1.34752
37.56	-1.3506
37.58	-1.35358
37.6	-1.35647
37.62	-1.35927
37.64	-1.36197
37.66	-1.36458
37.68	-1.36709
37.7	-1.36951
37.72	-1.37184
37.74	-1.37407
37.76	-1.37621
37.78	-1.37825
37.8	-1.38019
37.82	-1.38205
37.84	-1.3838
37.86	-1.38547
37.88	-1.38704
37.9	-1.38851
37.92	-1.38989
37.94	-1.39117
37.96	-1.39237
37.98	-1.39346
38	-1.39446
38.02	-1.39537
38.04	-1.39619
38.06	-1.39691
38.08	-1.39753
38.1	-1.39806
38.12	-1.3985
38.14	-1.39884
38.16	-1.3991
38.18	-1.39925
38.2	-1.39932
38.22	-1.39929
38.24	-1.39916
38.26	-1.39895
38.28	-1.39864
38.3	-1.39824
38.32	-1.39774
38.34	-1.39715
38.36	-1.39648
38.38	-1.3957
38.4	-1.39484
38.42	-1.39389
38.44	-1.39284
38.46	-1.3917
38.48	-1.39047
38.5	-1.38915
38.52	-1.38774
38.54	-1.38624
38.56	-1.38465
38.58	-1.38297
38.6	-1.38119
38.62	-1.37933
38.64	-1.37738
38.66	-1.37534
38.68	-1.37321
38.7	-1.371
38.72	-1.36869
38.74	-1.36629
38.76	-1.36381
38.78	-1.36124
38.8	-1.35859
38.82	-1.35584
38.84	-1.35301
38.86	-1.3501
38.88	-1.34709
38.9	-1.344
38.92	-1.34083
38.94	-1.33757
38.96	-1.33423
38.98	-1.3308
39	-1.32729
39.02	-1.32369
39.04	-1.32001
39.06	-1.31625
39.08	-1.3124
39.1	-1.30847
39.12	-1.30446
39.14	-1.30037
39.16	-1.2962
39.18	-1.29195
39.2	-1.28761
39.22	-1.2832
39.24	-1.27871
39.26	-1.27414
39.28	-1.26948
39.3	-1.26475
39.32	-1.25995
39.34	-1.25506
39.36	-1.2501
39.38	-1.24506
39.4	-1.23995
39.42	-1.23476
39.44	-1.22949
39.46	-1.22415
39.48	-1.21873
39.5	-1.21324
39.52	-1.20768
39.54	-1.20204
39.56	-1.19634
39.58	-1.19056
39.6	-1.1847
39.62	-1.17878
39.64	-1.17279
39.66	-1.16672
39.68	-1.16059
39.7	-1.15438
39.72	-1.14811
39.74	-1.14177
39.76	-1.13537
39.78	-1.12889
39.8	-1.12235
39.82	-1.11574
39.84	-1.10907
39.86	-1.10233
39.88	-1.09553
39.9	-1.08866
39.92	-1.08173
39.94	-1.07474
39.96	-1.06769
39.98	-1.06057
40	-1.05339
40.02	-1.04616
40.04	-1.03886
40.06	-1.0315
40.08	-1.02408
40.1	-1.01661
40.12	-1.00908
40.14	-1.00149
40.16	-0.99384
40.18	-0.986137
40.2	-0.978379
40.22	-0.970567
40.24	-0.9627
40.26	-0.954779
40.28	-0.946805
40.3	-0.938779
40.32	-0.930701
40.34	-0.922572
40.36	-0.914392
40.38	-0.906162
40.4	-0.897883
40.42	-0.889555
40.44	-0.881178
40.46	-0.872755
40.48	-0.864284
40.5	-0.855767
40.52	-0.847204
40.54	-0.838596
40.56	-0.829944
40.58	-0.821248
40.6	-0.812509
40.62	-0.803728
40.64	-0.794904
40.66	-0.78604
40.68	-0.777135
40.7	-0.76819
40.72	-0.759205
40.74	-0.750183
40.76	-0.741122
40.78	-0.732024
40.8	-0.722889
40.82	-0.713718
40.84	-0.704512
40.86	-0.695271
40.88	-0.685996
40.9	-0.676688
40.92	-0.667347
40.94	-0.657975
40.96	-0.64857
40.98	-0.639136
41	-0.629671
41.02	-0.620177
41.04	-0.610654
41.06	-0.601103
41.08	-0.591525
41.1	-0.58192
41.12	-0.572289
41.14	-0.562633
41.16	-0.552952
41.18	-0.543248
41.2	-0.53352
41.22	-0.523769
41.24	-0.513997
41.26	-0.504203
41.28	-0.494389
41.3	-0.484555
41.32	-0.474702
41.34	-0.46483
41.36	-0.454941
41.38	-0.445034
41.4	-0.435111
41.42	-0.425172
41.44	-0.415218
41.46	-0.40525
41.48	-0.395268
41.5	-0.385273
41.52	-0.375265
41.54	-0.365246
41.56	-0.355216
41.58	-0.345176
41.6	-0.335126
41.62	-0.325067
41.64	-0.315
41.66	-0.304925
41.68	-0.294843
41.7	-0.284755
41.72	-0.274662
41.74	-0.264564
41.76	-0.254461
41.78	-0.244355
41.8	-0.234247
41.82	-0.224136
41.84	-0.214024
41.86	-0.203911
41.88	-0.193797
41.9	-0.183685
41.92	-0.173573
41.94	-0.163464
41.96	-0.153357
41.98	-0.143253
42	-0.133153
42.02	-0.123058
42.04	-0.112968
42.06	-0.102884
42.08	-0.092807
42.1	-0.0827368
42.12	-0.0726745
42.14	-0.0626208
42.16	-0.0525764
42.18	-0.0425418
42.2	-0.0325177
42.22	-0.0225049
42.24	-0.0125039
42.26	-0.00251534
42.28	0.00746004
42.3	0.0174216
42.32	0.0273688
42.34	0.0373009
42.36	0.0472172
42.38	0.0571172
42.4	0.0670003
42.42	0.0768656
42.44	0.0867127
42.46	0.096541
42.48	0.10635
42.5	0.116138
42.52	0.125906
42.54	0.135652
42.56	0.145377
42.58	0.155078
42.6	0.164757
42.62	0.174411
42.64	0.184041
42.66	0.193646
42.68	0.203226
42.7	0.212779
42.72	0.222305
42.74	0.231803
42.76	0.241274
42.78	0.250715
42.8	0.260128
42.82	0.269511
42.84	0.278863
42.86	0.288184
42.88	0.297473
42.9	0.306731
42.92	0.315955
42.94	0.325146
42.96	0.334304
42.98	0.343426
43	0.352514
43.02	0.361566
43.04	0.370582
43.06	0.379562
43.08	0.388504
43.1	0.397408
43.12	0.406274
43.14	0.415101
43.16	0.423889
43.18	0.432636
43.2	0.441344
43.22	0.45001
43.24	0.458635
43.26	0.467217
43.28	0.475757
43.3	0.484254
43.32	0.492708
43.34	0.501117
43.36	0.509482
43.38	0.517801
43.4	0.526075
43.42	0.534303
43.44	0.542485
43.46	0.550619
43.48	0.558706
43.5	0.566745
43.52	0.574735
43.54	0.582677
43.56	0.590569
43.58	0.598411
43.6	0.606203
43.62	0.613944
43.64	0.621634
43.66	0.629272
43.68	0.636858
43.7	0.644392
43.72	0.651873
43.74	0.6593
43.76	0.666673
43.78	0.673992
43.8	0.681257
43.82	0.688466
43.84	0.69562
43.86	0.702719
43.88	0.70976
43.9	0.716746
43.92	0.723674
43.94	0.730544
43.96	0.737357
43.98	0.744112
44	0.750808
44.02	0.757445
44.04	0.764023
44.06	0.770541
44.08	0.776999
44.1	0.783397
44.12	0.789734
44.14	0.79601
44.16	0.802224
44.18	0.808377
44.2	0.814468
44.22	0.820497
44.24	0.826462
44.26	0.832365
44.28	0.838204
44.3	0.84398
44.32	0.849692
44.34	0.85534
44.36	0.860923
44.38	0.866441
44.4	0.871894
44.42	0.877282
44.44	0.882605
44.46	0.887861
44.48	0.893051
44.5	0.898175
44.52	0.903232
44.54	0.908223
44.56	0.913146
44.58	0.918001
44.6	0.922789
44.62	0.92751
44.64	0.932162
44.66	0.936746
44.68	0.941261
44.7	0.945707
44.72	0.950085
44.74	0.954394
44.76	0.958633
44.78	0.962802
44.8	0.966902
44.82	0.970933
44.84	0.974893
44.86	0.978782
44.88	0.982602
44.9	0.986351
44.92	0.990029
44.94	0.993636
44.96	0.997173
44.98	1.00064
45	1.00403
45.02	1.00735
45.04	1.0106
45.06	1.01378
45.08	1.01689
45.1	1.01993
45.12	1.02289
45.14	1.02578
45.16	1.0286
45.18	1.03135
45.2	1.03402
45.22	1.03663
45.24	1.03916
45.26	1.04161
45.28	1.044
45.3	1.04631
45.32	1.04855
45.34	1.05071
45.36	1.05281
45.38	1.05483
45.4	1.05677
45.42	1.05865
45.44	1.06045
45.46	1.06218
45.48	1.06383
45.5	1.06542
45.52	1.06692
45.54	1.06836
45.56	1.06972
45.58	1.07101
45.6	1.07223
45.62	1.07337
45.64	1.07444
45.66	1.07544
45.68	1.07637
45.7	1.07722
45.72	1.078
45.74	1.0787
45.76	1.07933
45.78	1.0799
45.8	1.08038
45.82	1.0808
45.84	1.08114
45.86	1.08141
45.88	1.08161
45.9	1.08173
45.92	1.08179
45.94	1.08177
45.96	1.08168
45.98	1.08151
46	1.08128
46.02	1.08097
46.04	1.08059
46.06	1.08014
46.08	1.07962
46.1	1.07903
46.12	1.07837
46.14	1.07763
46.16	1.07683
46.18	1.07595
46.2	1.075
46.22	1.07399
46.24	1.0729
46.26	1.07174
46.28	1.07052
46.3	1.06922
46.32	1.06785
46.34	1.06642
46.36	1.06491
46.38	1.06334
46.4	1.0617
46.42	1.05999
46.44	1.05821
46.46	1.05636
46.48	1.05445
46.5	1.05246
46.52	1.05041
46.54	1.04829
46.56	1.04611
46.58	1.04386
46.6	1.04154
46.62	1.03916
46.64	1.03671
46.66	1.03419
46.68	1.03161
46.7	1.02896
46.72	1.02625
46.74	1.02347
46.76	1.02063
46.78	1.01773
46.8	1.01476
46.82	1.01172
46.84	1.00863
46.86	1.00547
46.88	1.00225
46.9	0.998962
46.92	0.995615
46.94	0.992206
46.96	0.988736
46.98	0.985204
47	0.981612
47.02	0.977959
47.04	0.974246
47.06	0.970472
47.08	0.966639
47.1	0.962747
47.12	0.958796
47.14	0.954786
47.16	0.950718
47.18	0.946592
47.2	0.942409
47.22	0.938168
47.24	0.93387
47.26	0.929516
47.28	0.925106
47.3	0.92064
47.32	0.916119
47.34	0.911542
47.36	0.906911
47.38	0.902226
47.4	0.897487
47.42	0.892695
47.44	0.887849
47.46	0.882951
47.48	0.878
47.5	0.872997
47.52	0.867943
47.54	0.862838
47.56	0.857682
47.58	0.852476
47.6	0.84722
47.62	0.841915
47.64	0.836561
47.66	0.831158
47.68	0.825706
47.7	0.820207
47.72	0.814661
47.74	0.809068
47.76	0.803429
47.78	0.797743
47.8	0.792012
47.82	0.786236
47.84	0.780415
47.86	0.774549
47.88	0.76864
47.9	0.762688
47.92	0.756693
47.94	0.750655
47.96	0.744576
47.98	0.738454
48	0.732292
48.02	0.72609
48.04	0.719847
48.06	0.713564
48.08	0.707243
48.1	0.700882
48.12	0.694484
48.14	0.688048
48.16	0.681574
48.18	0.675064
48.2	0.668517
48.22	0.661935
48.24	0.655317
48.26	0.648664
48.28	0.641977
48.3	0.635256
48.32	0.628502
48.34	0.621715
48.36	0.614896
48.38	0.608044
48.4	0.601162
48.42	0.594248
48.44	0.587304
48.46	0.58033
48.48	0.573327
48.5	0.566295
48.52	0.559235
48.54	0.552146
48.56	0.545031
48.58	0.537888
48.6	0.530719
48.62	0.523525
48.64	0.516305
48.66	0.50906
48.68	0.501791
48.7	0.494499
48.72	0.487183
48.74	0.479844
48.76	0.472484
48.78	0.465101
48.8	0.457697
48.82	0.450273
48.84	0.442829
48.86	0.435365
48.88	0.427882
48.9	0.420381
48.92	0.412861
48.94	0.405324
48.96	0.39777
48.98	0.3902
49	0.382613
49.02	0.375012
49.04	0.367395
49.06	0.359764
49.08	0.35212
49.1	0.344462
49.12	0.336791
49.14	0.329108
49.16	0.321413
49.18	0.313708
49.2	0.305991
49.22	0.298265
49.24	0.290529
49.26	0.282784
49.28	0.27503
49.3	0.267268
49.32	0.259499
49.34	0.251723
49.36	0.243941
49.38	0.236152
49.4	0.228359
49.42	0.22056
49.44	0.212758
49.46	0.204951
49.48	0.197141
49.5	0.189329
49.52	0.181514
49.54	0.173697
49.56	0.16588
49.58	0.158061
49.6	0.150243
49.62	0.142425
49.64	0.134608
49.66	0.126793
49.68	0.118979
49.7	0.111168
49.72	0.10336
49.74	0.0955551
49.76	0.0877546
49.78	0.0799586
49.8	0.0721676
49.82	0.0643822
49.84	0.0566029
49.86	0.0488302
49.88	0.0410646
49.9	0.0333066
49.92	0.0255568
49.94	0.0178155
49.96	0.0100834
49.98	0.00236089
50	-0.00535146
50.02	-0.0130532
50.04	-0.0207438
50.06	-0.0284227
50.08	-0.0360896
50.1	-0.0437438
50.12	-0.0513849
50.14	-0.0590124
50.16	-0.0666258
50.18	-0.0742246
50.2	-0.0818084
50.22	-0.0893766
50.24	-0.0969287
50.26	-0.104464
50.28	-0.111983
50.3	-0.119484
50.32	-0.126967
50.34	-0.134432
50.36	-0.141878
50.38	-0.149305
50.4	-0.156711
50.42	-0.164098
50.44	-0.171463
50.46	-0.178807
50.48	-0.18613
50.5	-0.193431
50.52	-0.200708
50.54	-0.207963
50.56	-0.215194
50.58	-0.222402
50.6	-0.229585
50.62	-0.236743
50.64	-0.243875
50.66	-0.250982
50.68	-0.258063
50.7	-0.265117
50.72	-0.272144
50.74	-0.279144
50.76	-0.286116
50.78	-0.293059
50.8	-0.299973
50.82	-0.306859
50.84	-0.313714
50.86	-0.32054
50.88	-0.327335
50.9	-0.3341
50.92	-0.340833
50.94	-0.347534
50.96	-0.354204
50.98	-0.36084
51	-0.367444
51.02	-0.374015
51.04	-0.380552
51.06	-0.387055
51.08	-0.393524
51.1	-0.399957
51.12	-0.406356
51.14	-0.412718
51.16	-0.419045
51.18	-0.425336
51.2	-0.43159
51.22	-0.437806
51.24	-0.443986
51.26	-0.450127
51.28	-0.45623
51.3	-0.462295
51.32	-0.468321
51.34	-0.474308
51.36	-0.480255
51.38	-0.486162
51.4	-0.492029
51.42	-0.497855
51.44	-0.503641
51.46	-0.509385
51.48	-0.515087
51.5	-0.520748
51.52	-0.526366
51.54	-0.531942
51.56	-0.537475
51.58	-0.542965
51.6	-0.548411
51.62	-0.553813
51.64	-0.559172
51.66	-0.564486
51.68	-0.569755
51.7	-0.574979
51.72	-0.580158
51.74	-0.585292
51.76	-0.59038
51.78	-0.595421
51.8	-0.600416
51.82	-0.605365
51.84	-0.610266
51.86	-0.615121
51.88	-0.619928
51.9	-0.624687
51.92	-0.629398
51.94	-0.634061
51.96	-0.638676
51.98	-0.643242
52	-0.647759
52.02	-0.652227
52.04	-0.656645
52.06	-0.661014
52.08	-0.665333
52.1	-0.669602
52.12	-0.67382
52.14	-0.677988
52.16	-0.682106
52.18	-0.686172
52.2	-0.690187
52.22	-0.694151
52.24	-0.698064
52.26	-0.701924
52.28	-0.705733
52.3	-0.70949
52.32	-0.713194
52.34	-0.716846
52.36	-0.720445
52.38	-0.723992
52.4	-0.727485
52.42	-0.730926
52.44	-0.734313
52.46	-0.737647
52.48	-0.740927
52.5	-0.744153
52.52	-0.747326
52.54	-0.750444
52.56	-0.753509
52.58	-0.756519
52.6	-0.759475
52.62	-0.762376
52.64	-0.765222
52.66	-0.768014
52.68	-0.770751
52.7	-0.773433
52.72	-0.776059
52.74	-0.778631
52.76	-0.781147
52.78	-0.783608
52.8	-0.786013
52.82	-0.788363
52.84	-0.790657
52.86	-0.792896
52.88	-0.795078
52.9	-0.797205
52.92	-0.799276
52.94	-0.80129
52.96	-0.803249
52.98	-0.805152
53	-0.806998
53.02	-0.808788
53.04	-0.810522
53.06	-0.8122
53.08	-0.813821
53.1	-0.815386
53.12	-0.816894
53.14	-0.818346
53.16	-0.819742
53.18	-0.821081
53.2	-0.822363
53.22	-0.82359
53.24	-0.824759
53.26	-0.825872
53.28	-0.826929
53.3	-0.827929
53.32	-0.828873
53.34	-0.82976
53.36	-0.83059
53.38	-0.831365
53.4	-0.832082
53.42	-0.832744
53.44	-0.833349
53.46	-0.833898
53.48	-0.83439
53.5	-0.834826
53.52	-0.835206
53.54	-0.83553
53.56	-0.835798
53.58	-0.83601
53.6	-0.836165
53.62	-0.836265
53.64	-0.836309
53.66	-0.836297
53.68	-0.83623
53.7	-0.836107
53.72	-0.835928
53.74	-0.835694
53.76	-0.835404
53.78	-0.83506
53.8	-0.83466
53.82	-0.834205
53.84	-0.833695
53.86	-0.83313
53.88	-0.83251
53.9	-0.831836
53.92	-0.831107
53.94	-0.830324
53.96	-0.829487
53.98	-0.828595
54	-0.82765
54.02	-0.82665
54.04	-0.825597
54.06	-0.82449
54.08	-0.82333
54.1	-0.822116
54.12	-0.82085
54.14	-0.81953
54.16	-0.818158
54.18	-0.816732
54.2	-0.815255
54.22	-0.813724
54.24	-0.812142
54.26	-0.810508
54.28	-0.808822
54.3	-0.807084
54.32	-0.805295
54.34	-0.803455
54.36	-0.801563
54.38	-0.799621
54.4	-0.797628
54.42	-0.795584
54.44	-0.79349
54.46	-0.791346
54.48	-0.789153
54.5	-0.786909
54.52	-0.784616
54.54	-0.782274
54.56	-0.779883
54.58	-0.777443
54.6	-0.774955
54.62	-0.772418
54.64	-0.769833
54.66	-0.767201
54.68	-0.764521
54.7	-0.761793
54.72	-0.759018
54.74	-0.756197
54.76	-0.753328
54.78	-0.750414
54.8	-0.747453
54.82	-0.744447
54.84	-0.741395
54.86	-0.738297
54.88	-0.735155
54.9	-0.731967
54.92	-0.728735
54.94	-0.725459
54.96	-0.722139
54.98	-0.718776
55	-0.715369
